1 3.000000 55.000000
1 2.997998 54.994995
1 2.995996 54.989990
1 2.993994 54.984985
1 2.991992 54.979980
1 2.989990 54.974975
1 2.987988 54.969970
1 2.985986 54.964965
1 2.983984 54.959960
1 2.981982 54.954955
1 2.979980 54.949950
1 2.977978 54.944945
1 2.975976 54.939940
1 2.973974 54.934935
1 2.971972 54.929930
1 2.969970 54.924925
1 2.967968 54.919920
1 2.965966 54.914915
1 2.963964 54.909910
1 2.961962 54.904905
1 2.959960 54.899900
1 2.957958 54.894895
1 2.955956 54.889890
1 2.953954 54.884885
1 2.951952 54.879880
1 2.949950 54.874875
1 2.947948 54.869870
1 2.945946 54.864865
1 2.943944 54.859860
1 2.941942 54.854855
1 2.939940 54.849850
1 2.937938 54.844845
1 2.935936 54.839840
1 2.933934 54.834835
1 2.931932 54.829830
1 2.929930 54.824825
1 2.927928 54.819820
1 2.925926 54.814815
1 2.923924 54.809810
1 2.921922 54.804805
1 2.919920 54.799800
1 2.917918 54.794795
1 2.915916 54.789790
1 2.913914 54.784785
1 2.911912 54.779780
1 2.909910 54.774775
1 2.907908 54.769770
1 2.905906 54.764765
1 2.903904 54.759760
1 2.901902 54.754755
1 2.899900 54.749750
1 2.897898 54.744745
1 2.895896 54.739740
1 2.893894 54.734735
1 2.891892 54.729730
1 2.889890 54.724725
1 2.887888 54.719720
1 2.885886 54.714715
1 2.883884 54.709710
1 2.881882 54.704705
1 2.879880 54.699700
1 2.877878 54.694695
1 2.875876 54.689690
1 2.873874 54.684685
1 2.871872 54.679680
1 2.869870 54.674675
1 2.867868 54.669670
1 2.865866 54.664665
1 2.863864 54.659660
1 2.861862 54.654655
1 2.859860 54.649650
1 2.857858 54.644645
1 2.855856 54.639640
1 2.853854 54.634635
1 2.851852 54.629630
1 2.849850 54.624625
1 2.847848 54.619620
1 2.845846 54.614615
1 2.843844 54.609610
1 2.841842 54.604605
1 2.839840 54.599600
1 2.837838 54.594595
1 2.835836 54.589590
1 2.833834 54.584585
1 2.831832 54.579580
1 2.829830 54.574575
1 2.827828 54.569570
1 2.825826 54.564565
1 2.823824 54.559560
1 2.821822 54.554555
1 2.819820 54.549550
1 2.817818 54.544545
1 2.815816 54.539540
1 2.813814 54.534535
1 2.811812 54.529530
1 2.809810 54.524525
1 2.807808 54.519520
1 2.805806 54.514515
1 2.803804 54.509510
1 2.801802 54.504505
1 2.799800 54.499499
1 2.797798 54.494494
1 2.795796 54.489489
1 2.793794 54.484484
1 2.791792 54.479479
1 2.789790 54.474474
1 2.787788 54.469469
1 2.785786 54.464464
1 2.783784 54.459459
1 2.781782 54.454454
1 2.779780 54.449449
1 2.777778 54.444444
1 2.775776 54.439439
1 2.773774 54.434434
1 2.771772 54.429429
1 2.769770 54.424424
1 2.767768 54.419419
1 2.765766 54.414414
1 2.763764 54.409409
1 2.761762 54.404404
1 2.759760 54.399399
1 2.757758 54.394394
1 2.755756 54.389389
1 2.753754 54.384384
1 2.751752 54.379379
1 2.749750 54.374374
1 2.747748 54.369369
1 2.745746 54.364364
1 2.743744 54.359359
1 2.741742 54.354354
1 2.739740 54.349349
1 2.737738 54.344344
1 2.735736 54.339339
1 2.733734 54.334334
1 2.731732 54.329329
1 2.729730 54.324324
1 2.727728 54.319319
1 2.725726 54.314314
1 2.723724 54.309309
1 2.721722 54.304304
1 2.719720 54.299299
1 2.717718 54.294294
1 2.715716 54.289289
1 2.713714 54.284284
1 2.711712 54.279279
1 2.709710 54.274274
1 2.707708 54.269269
1 2.705706 54.264264
1 2.703704 54.259259
1 2.701702 54.254254
1 2.699700 54.249249
1 2.697698 54.244244
1 2.695696 54.239239
1 2.693694 54.234234
1 2.691692 54.229229
1 2.689690 54.224224
1 2.687688 54.219219
1 2.685686 54.214214
1 2.683684 54.209209
1 2.681682 54.204204
1 2.679680 54.199199
1 2.677678 54.194194
1 2.675676 54.189189
1 2.673674 54.184184
1 2.671672 54.179179
1 2.669670 54.174174
1 2.667668 54.169169
1 2.665666 54.164164
1 2.663664 54.159159
1 2.661662 54.154154
1 2.659660 54.149149
1 2.657658 54.144144
1 2.655656 54.139139
1 2.653654 54.134134
1 2.651652 54.129129
1 2.649650 54.124124
1 2.647648 54.119119
1 2.645646 54.114114
1 2.643644 54.109109
1 2.641642 54.104104
1 2.639640 54.099099
1 2.637638 54.094094
1 2.635636 54.089089
1 2.633634 54.084084
1 2.631632 54.079079
1 2.629630 54.074074
1 2.627628 54.069069
1 2.625626 54.064064
1 2.623624 54.059059
1 2.621622 54.054054
1 2.619620 54.049049
1 2.617618 54.044044
1 2.615616 54.039039
1 2.613614 54.034034
1 2.611612 54.029029
1 2.609610 54.024024
1 2.607608 54.019019
1 2.605606 54.014014
1 2.603604 54.009009
1 2.601602 54.004004
1 2.599600 53.998999
1 2.597598 53.993994
1 2.595596 53.988989
1 2.593594 53.983984
1 2.591592 53.978979
1 2.589590 53.973974
1 2.587588 53.968969
1 2.585586 53.963964
1 2.583584 53.958959
1 2.581582 53.953954
1 2.579580 53.948949
1 2.577578 53.943944
1 2.575576 53.938939
1 2.573574 53.933934
1 2.571572 53.928929
1 2.569570 53.923924
1 2.567568 53.918919
1 2.565566 53.913914
1 2.563564 53.908909
1 2.561562 53.903904
1 2.559560 53.898899
1 2.557558 53.893894
1 2.555556 53.888889
1 2.553554 53.883884
1 2.551552 53.878879
1 2.549550 53.873874
1 2.547548 53.868869
1 2.545546 53.863864
1 2.543544 53.858859
1 2.541542 53.853854
1 2.539540 53.848849
1 2.537538 53.843844
1 2.535536 53.838839
1 2.533534 53.833834
1 2.531532 53.828829
1 2.529530 53.823824
1 2.527528 53.818819
1 2.525526 53.813814
1 2.523524 53.808809
1 2.521522 53.803804
1 2.519520 53.798799
1 2.517518 53.793794
1 2.515516 53.788789
1 2.513514 53.783784
1 2.511512 53.778779
1 2.509510 53.773774
1 2.507508 53.768769
1 2.505506 53.763764
1 2.503504 53.758759
1 2.501502 53.753754
1 2.499499 53.748749
1 2.497497 53.743744
1 2.495495 53.738739
1 2.493493 53.733734
1 2.491491 53.728729
1 2.489489 53.723724
1 2.487487 53.718719
1 2.485485 53.713714
1 2.483483 53.708709
1 2.481481 53.703704
1 2.479479 53.698699
1 2.477477 53.693694
1 2.475475 53.688689
1 2.473473 53.683684
1 2.471471 53.678679
1 2.469469 53.673674
1 2.467467 53.668669
1 2.465465 53.663664
1 2.463463 53.658659
1 2.461461 53.653654
1 2.459459 53.648649
1 2.457457 53.643644
1 2.455455 53.638639
1 2.453453 53.633634
1 2.451451 53.628629
1 2.449449 53.623624
1 2.447447 53.618619
1 2.445445 53.613614
1 2.443443 53.608609
1 2.441441 53.603604
1 2.439439 53.598599
1 2.437437 53.593594
1 2.435435 53.588589
1 2.433433 53.583584
1 2.431431 53.578579
1 2.429429 53.573574
1 2.427427 53.568569
1 2.425425 53.563564
1 2.423423 53.558559
1 2.421421 53.553554
1 2.419419 53.548549
1 2.417417 53.543544
1 2.415415 53.538539
1 2.413413 53.533534
1 2.411411 53.528529
1 2.409409 53.523524
1 2.407407 53.518519
1 2.405405 53.513514
1 2.403403 53.508509
1 2.401401 53.503504
1 2.399399 53.498498
1 2.397397 53.493493
1 2.395395 53.488488
1 2.393393 53.483483
1 2.391391 53.478478
1 2.389389 53.473473
1 2.387387 53.468468
1 2.385385 53.463463
1 2.383383 53.458458
1 2.381381 53.453453
1 2.379379 53.448448
1 2.377377 53.443443
1 2.375375 53.438438
1 2.373373 53.433433
1 2.371371 53.428428
1 2.369369 53.423423
1 2.367367 53.418418
1 2.365365 53.413413
1 2.363363 53.408408
1 2.361361 53.403403
1 2.359359 53.398398
1 2.357357 53.393393
1 2.355355 53.388388
1 2.353353 53.383383
1 2.351351 53.378378
1 2.349349 53.373373
1 2.347347 53.368368
1 2.345345 53.363363
1 2.343343 53.358358
1 2.341341 53.353353
1 2.339339 53.348348
1 2.337337 53.343343
1 2.335335 53.338338
1 2.333333 53.333333
1 2.331331 53.328328
1 2.329329 53.323323
1 2.327327 53.318318
1 2.325325 53.313313
1 2.323323 53.308308
1 2.321321 53.303303
1 2.319319 53.298298
1 2.317317 53.293293
1 2.315315 53.288288
1 2.313313 53.283283
1 2.311311 53.278278
1 2.309309 53.273273
1 2.307307 53.268268
1 2.305305 53.263263
1 2.303303 53.258258
1 2.301301 53.253253
1 2.299299 53.248248
1 2.297297 53.243243
1 2.295295 53.238238
1 2.293293 53.233233
1 2.291291 53.228228
1 2.289289 53.223223
1 2.287287 53.218218
1 2.285285 53.213213
1 2.283283 53.208208
1 2.281281 53.203203
1 2.279279 53.198198
1 2.277277 53.193193
1 2.275275 53.188188
1 2.273273 53.183183
1 2.271271 53.178178
1 2.269269 53.173173
1 2.267267 53.168168
1 2.265265 53.163163
1 2.263263 53.158158
1 2.261261 53.153153
1 2.259259 53.148148
1 2.257257 53.143143
1 2.255255 53.138138
1 2.253253 53.133133
1 2.251251 53.128128
1 2.249249 53.123123
1 2.247247 53.118118
1 2.245245 53.113113
1 2.243243 53.108108
1 2.241241 53.103103
1 2.239239 53.098098
1 2.237237 53.093093
1 2.235235 53.088088
1 2.233233 53.083083
1 2.231231 53.078078
1 2.229229 53.073073
1 2.227227 53.068068
1 2.225225 53.063063
1 2.223223 53.058058
1 2.221221 53.053053
1 2.219219 53.048048
1 2.217217 53.043043
1 2.215215 53.038038
1 2.213213 53.033033
1 2.211211 53.028028
1 2.209209 53.023023
1 2.207207 53.018018
1 2.205205 53.013013
1 2.203203 53.008008
1 2.201201 53.003003
1 2.199199 52.997998
1 2.197197 52.992993
1 2.195195 52.987988
1 2.193193 52.982983
1 2.191191 52.977978
1 2.189189 52.972973
1 2.187187 52.967968
1 2.185185 52.962963
1 2.183183 52.957958
1 2.181181 52.952953
1 2.179179 52.947948
1 2.177177 52.942943
1 2.175175 52.937938
1 2.173173 52.932933
1 2.171171 52.927928
1 2.169169 52.922923
1 2.167167 52.917918
1 2.165165 52.912913
1 2.163163 52.907908
1 2.161161 52.902903
1 2.159159 52.897898
1 2.157157 52.892893
1 2.155155 52.887888
1 2.153153 52.882883
1 2.151151 52.877878
1 2.149149 52.872873
1 2.147147 52.867868
1 2.145145 52.862863
1 2.143143 52.857858
1 2.141141 52.852853
1 2.139139 52.847848
1 2.137137 52.842843
1 2.135135 52.837838
1 2.133133 52.832833
1 2.131131 52.827828
1 2.129129 52.822823
1 2.127127 52.817818
1 2.125125 52.812813
1 2.123123 52.807808
1 2.121121 52.802803
1 2.119119 52.797798
1 2.117117 52.792793
1 2.115115 52.787788
1 2.113113 52.782783
1 2.111111 52.777778
1 2.109109 52.772773
1 2.107107 52.767768
1 2.105105 52.762763
1 2.103103 52.757758
1 2.101101 52.752753
1 2.099099 52.747748
1 2.097097 52.742743
1 2.095095 52.737738
1 2.093093 52.732733
1 2.091091 52.727728
1 2.089089 52.722723
1 2.087087 52.717718
1 2.085085 52.712713
1 2.083083 52.707708
1 2.081081 52.702703
1 2.079079 52.697698
1 2.077077 52.692693
1 2.075075 52.687688
1 2.073073 52.682683
1 2.071071 52.677678
1 2.069069 52.672673
1 2.067067 52.667668
1 2.065065 52.662663
1 2.063063 52.657658
1 2.061061 52.652653
1 2.059059 52.647648
1 2.057057 52.642643
1 2.055055 52.637638
1 2.053053 52.632633
1 2.051051 52.627628
1 2.049049 52.622623
1 2.047047 52.617618
1 2.045045 52.612613
1 2.043043 52.607608
1 2.041041 52.602603
1 2.039039 52.597598
1 2.037037 52.592593
1 2.035035 52.587588
1 2.033033 52.582583
1 2.031031 52.577578
1 2.029029 52.572573
1 2.027027 52.567568
1 2.025025 52.562563
1 2.023023 52.557558
1 2.021021 52.552553
1 2.019019 52.547548
1 2.017017 52.542543
1 2.015015 52.537538
1 2.013013 52.532533
1 2.011011 52.527528
1 2.009009 52.522523
1 2.007007 52.517518
1 2.005005 52.512513
1 2.003003 52.507508
1 2.001001 52.502503
1 1.998999 52.497497
1 1.996997 52.492492
1 1.994995 52.487487
1 1.992993 52.482482
1 1.990991 52.477477
1 1.988989 52.472472
1 1.986987 52.467467
1 1.984985 52.462462
1 1.982983 52.457457
1 1.980981 52.452452
1 1.978979 52.447447
1 1.976977 52.442442
1 1.974975 52.437437
1 1.972973 52.432432
1 1.970971 52.427427
1 1.968969 52.422422
1 1.966967 52.417417
1 1.964965 52.412412
1 1.962963 52.407407
1 1.960961 52.402402
1 1.958959 52.397397
1 1.956957 52.392392
1 1.954955 52.387387
1 1.952953 52.382382
1 1.950951 52.377377
1 1.948949 52.372372
1 1.946947 52.367367
1 1.944945 52.362362
1 1.942943 52.357357
1 1.940941 52.352352
1 1.938939 52.347347
1 1.936937 52.342342
1 1.934935 52.337337
1 1.932933 52.332332
1 1.930931 52.327327
1 1.928929 52.322322
1 1.926927 52.317317
1 1.924925 52.312312
1 1.922923 52.307307
1 1.920921 52.302302
1 1.918919 52.297297
1 1.916917 52.292292
1 1.914915 52.287287
1 1.912913 52.282282
1 1.910911 52.277277
1 1.908909 52.272272
1 1.906907 52.267267
1 1.904905 52.262262
1 1.902903 52.257257
1 1.900901 52.252252
1 1.898899 52.247247
1 1.896897 52.242242
1 1.894895 52.237237
1 1.892893 52.232232
1 1.890891 52.227227
1 1.888889 52.222222
1 1.886887 52.217217
1 1.884885 52.212212
1 1.882883 52.207207
1 1.880881 52.202202
1 1.878879 52.197197
1 1.876877 52.192192
1 1.874875 52.187187
1 1.872873 52.182182
1 1.870871 52.177177
1 1.868869 52.172172
1 1.866867 52.167167
1 1.864865 52.162162
1 1.862863 52.157157
1 1.860861 52.152152
1 1.858859 52.147147
1 1.856857 52.142142
1 1.854855 52.137137
1 1.852853 52.132132
1 1.850851 52.127127
1 1.848849 52.122122
1 1.846847 52.117117
1 1.844845 52.112112
1 1.842843 52.107107
1 1.840841 52.102102
1 1.838839 52.097097
1 1.836837 52.092092
1 1.834835 52.087087
1 1.832833 52.082082
1 1.830831 52.077077
1 1.828829 52.072072
1 1.826827 52.067067
1 1.824825 52.062062
1 1.822823 52.057057
1 1.820821 52.052052
1 1.818819 52.047047
1 1.816817 52.042042
1 1.814815 52.037037
1 1.812813 52.032032
1 1.810811 52.027027
1 1.808809 52.022022
1 1.806807 52.017017
1 1.804805 52.012012
1 1.802803 52.007007
1 1.800801 52.002002
1 1.798799 51.996997
1 1.796797 51.991992
1 1.794795 51.986987
1 1.792793 51.981982
1 1.790791 51.976977
1 1.788789 51.971972
1 1.786787 51.966967
1 1.784785 51.961962
1 1.782783 51.956957
1 1.780781 51.951952
1 1.778779 51.946947
1 1.776777 51.941942
1 1.774775 51.936937
1 1.772773 51.931932
1 1.770771 51.926927
1 1.768769 51.921922
1 1.766767 51.916917
1 1.764765 51.911912
1 1.762763 51.906907
1 1.760761 51.901902
1 1.758759 51.896897
1 1.756757 51.891892
1 1.754755 51.886887
1 1.752753 51.881882
1 1.750751 51.876877
1 1.748749 51.871872
1 1.746747 51.866867
1 1.744745 51.861862
1 1.742743 51.856857
1 1.740741 51.851852
1 1.738739 51.846847
1 1.736737 51.841842
1 1.734735 51.836837
1 1.732733 51.831832
1 1.730731 51.826827
1 1.728729 51.821822
1 1.726727 51.816817
1 1.724725 51.811812
1 1.722723 51.806807
1 1.720721 51.801802
1 1.718719 51.796797
1 1.716717 51.791792
1 1.714715 51.786787
1 1.712713 51.781782
1 1.710711 51.776777
1 1.708709 51.771772
1 1.706707 51.766767
1 1.704705 51.761762
1 1.702703 51.756757
1 1.700701 51.751752
1 1.698699 51.746747
1 1.696697 51.741742
1 1.694695 51.736737
1 1.692693 51.731732
1 1.690691 51.726727
1 1.688689 51.721722
1 1.686687 51.716717
1 1.684685 51.711712
1 1.682683 51.706707
1 1.680681 51.701702
1 1.678679 51.696697
1 1.676677 51.691692
1 1.674675 51.686687
1 1.672673 51.681682
1 1.670671 51.676677
1 1.668669 51.671672
1 1.666667 51.666667
1 1.664665 51.661662
1 1.662663 51.656657
1 1.660661 51.651652
1 1.658659 51.646647
1 1.656657 51.641642
1 1.654655 51.636637
1 1.652653 51.631632
1 1.650651 51.626627
1 1.648649 51.621622
1 1.646647 51.616617
1 1.644645 51.611612
1 1.642643 51.606607
1 1.640641 51.601602
1 1.638639 51.596597
1 1.636637 51.591592
1 1.634635 51.586587
1 1.632633 51.581582
1 1.630631 51.576577
1 1.628629 51.571572
1 1.626627 51.566567
1 1.624625 51.561562
1 1.622623 51.556557
1 1.620621 51.551552
1 1.618619 51.546547
1 1.616617 51.541542
1 1.614615 51.536537
1 1.612613 51.531532
1 1.610611 51.526527
1 1.608609 51.521522
1 1.606607 51.516517
1 1.604605 51.511512
1 1.602603 51.506507
1 1.600601 51.501502
1 1.598599 51.496496
1 1.596597 51.491491
1 1.594595 51.486486
1 1.592593 51.481481
1 1.590591 51.476476
1 1.588589 51.471471
1 1.586587 51.466466
1 1.584585 51.461461
1 1.582583 51.456456
1 1.580581 51.451451
1 1.578579 51.446446
1 1.576577 51.441441
1 1.574575 51.436436
1 1.572573 51.431431
1 1.570571 51.426426
1 1.568569 51.421421
1 1.566567 51.416416
1 1.564565 51.411411
1 1.562563 51.406406
1 1.560561 51.401401
1 1.558559 51.396396
1 1.556557 51.391391
1 1.554555 51.386386
1 1.552553 51.381381
1 1.550551 51.376376
1 1.548549 51.371371
1 1.546547 51.366366
1 1.544545 51.361361
1 1.542543 51.356356
1 1.540541 51.351351
1 1.538539 51.346346
1 1.536537 51.341341
1 1.534535 51.336336
1 1.532533 51.331331
1 1.530531 51.326326
1 1.528529 51.321321
1 1.526527 51.316316
1 1.524525 51.311311
1 1.522523 51.306306
1 1.520521 51.301301
1 1.518519 51.296296
1 1.516517 51.291291
1 1.514515 51.286286
1 1.512513 51.281281
1 1.510511 51.276276
1 1.508509 51.271271
1 1.506507 51.266266
1 1.504505 51.261261
1 1.502503 51.256256
1 1.500501 51.251251
1 1.498498 51.246246
1 1.496496 51.241241
1 1.494494 51.236236
1 1.492492 51.231231
1 1.490490 51.226226
1 1.488488 51.221221
1 1.486486 51.216216
1 1.484484 51.211211
1 1.482482 51.206206
1 1.480480 51.201201
1 1.478478 51.196196
1 1.476476 51.191191
1 1.474474 51.186186
1 1.472472 51.181181
1 1.470470 51.176176
1 1.468468 51.171171
1 1.466466 51.166166
1 1.464464 51.161161
1 1.462462 51.156156
1 1.460460 51.151151
1 1.458458 51.146146
1 1.456456 51.141141
1 1.454454 51.136136
1 1.452452 51.131131
1 1.450450 51.126126
1 1.448448 51.121121
1 1.446446 51.116116
1 1.444444 51.111111
1 1.442442 51.106106
1 1.440440 51.101101
1 1.438438 51.096096
1 1.436436 51.091091
1 1.434434 51.086086
1 1.432432 51.081081
1 1.430430 51.076076
1 1.428428 51.071071
1 1.426426 51.066066
1 1.424424 51.061061
1 1.422422 51.056056
1 1.420420 51.051051
1 1.418418 51.046046
1 1.416416 51.041041
1 1.414414 51.036036
1 1.412412 51.031031
1 1.410410 51.026026
1 1.408408 51.021021
1 1.406406 51.016016
1 1.404404 51.011011
1 1.402402 51.006006
1 1.400400 51.001001
1 1.398398 50.995996
1 1.396396 50.990991
1 1.394394 50.985986
1 1.392392 50.980981
1 1.390390 50.975976
1 1.388388 50.970971
1 1.386386 50.965966
1 1.384384 50.960961
1 1.382382 50.955956
1 1.380380 50.950951
1 1.378378 50.945946
1 1.376376 50.940941
1 1.374374 50.935936
1 1.372372 50.930931
1 1.370370 50.925926
1 1.368368 50.920921
1 1.366366 50.915916
1 1.364364 50.910911
1 1.362362 50.905906
1 1.360360 50.900901
1 1.358358 50.895896
1 1.356356 50.890891
1 1.354354 50.885886
1 1.352352 50.880881
1 1.350350 50.875876
1 1.348348 50.870871
1 1.346346 50.865866
1 1.344344 50.860861
1 1.342342 50.855856
1 1.340340 50.850851
1 1.338338 50.845846
1 1.336336 50.840841
1 1.334334 50.835836
1 1.332332 50.830831
1 1.330330 50.825826
1 1.328328 50.820821
1 1.326326 50.815816
1 1.324324 50.810811
1 1.322322 50.805806
1 1.320320 50.800801
1 1.318318 50.795796
1 1.316316 50.790791
1 1.314314 50.785786
1 1.312312 50.780781
1 1.310310 50.775776
1 1.308308 50.770771
1 1.306306 50.765766
1 1.304304 50.760761
1 1.302302 50.755756
1 1.300300 50.750751
1 1.298298 50.745746
1 1.296296 50.740741
1 1.294294 50.735736
1 1.292292 50.730731
1 1.290290 50.725726
1 1.288288 50.720721
1 1.286286 50.715716
1 1.284284 50.710711
1 1.282282 50.705706
1 1.280280 50.700701
1 1.278278 50.695696
1 1.276276 50.690691
1 1.274274 50.685686
1 1.272272 50.680681
1 1.270270 50.675676
1 1.268268 50.670671
1 1.266266 50.665666
1 1.264264 50.660661
1 1.262262 50.655656
1 1.260260 50.650651
1 1.258258 50.645646
1 1.256256 50.640641
1 1.254254 50.635636
1 1.252252 50.630631
1 1.250250 50.625626
1 1.248248 50.620621
1 1.246246 50.615616
1 1.244244 50.610611
1 1.242242 50.605606
1 1.240240 50.600601
1 1.238238 50.595596
1 1.236236 50.590591
1 1.234234 50.585586
1 1.232232 50.580581
1 1.230230 50.575576
1 1.228228 50.570571
1 1.226226 50.565566
1 1.224224 50.560561
1 1.222222 50.555556
1 1.220220 50.550551
1 1.218218 50.545546
1 1.216216 50.540541
1 1.214214 50.535536
1 1.212212 50.530531
1 1.210210 50.525526
1 1.208208 50.520521
1 1.206206 50.515516
1 1.204204 50.510511
1 1.202202 50.505506
1 1.200200 50.500501
1 1.198198 50.495495
1 1.196196 50.490490
1 1.194194 50.485485
1 1.192192 50.480480
1 1.190190 50.475475
1 1.188188 50.470470
1 1.186186 50.465465
1 1.184184 50.460460
1 1.182182 50.455455
1 1.180180 50.450450
1 1.178178 50.445445
1 1.176176 50.440440
1 1.174174 50.435435
1 1.172172 50.430430
1 1.170170 50.425425
1 1.168168 50.420420
1 1.166166 50.415415
1 1.164164 50.410410
1 1.162162 50.405405
1 1.160160 50.400400
1 1.158158 50.395395
1 1.156156 50.390390
1 1.154154 50.385385
1 1.152152 50.380380
1 1.150150 50.375375
1 1.148148 50.370370
1 1.146146 50.365365
1 1.144144 50.360360
1 1.142142 50.355355
1 1.140140 50.350350
1 1.138138 50.345345
1 1.136136 50.340340
1 1.134134 50.335335
1 1.132132 50.330330
1 1.130130 50.325325
1 1.128128 50.320320
1 1.126126 50.315315
1 1.124124 50.310310
1 1.122122 50.305305
1 1.120120 50.300300
1 1.118118 50.295295
1 1.116116 50.290290
1 1.114114 50.285285
1 1.112112 50.280280
1 1.110110 50.275275
1 1.108108 50.270270
1 1.106106 50.265265
1 1.104104 50.260260
1 1.102102 50.255255
1 1.100100 50.250250
1 1.098098 50.245245
1 1.096096 50.240240
1 1.094094 50.235235
1 1.092092 50.230230
1 1.090090 50.225225
1 1.088088 50.220220
1 1.086086 50.215215
1 1.084084 50.210210
1 1.082082 50.205205
1 1.080080 50.200200
1 1.078078 50.195195
1 1.076076 50.190190
1 1.074074 50.185185
1 1.072072 50.180180
1 1.070070 50.175175
1 1.068068 50.170170
1 1.066066 50.165165
1 1.064064 50.160160
1 1.062062 50.155155
1 1.060060 50.150150
1 1.058058 50.145145
1 1.056056 50.140140
1 1.054054 50.135135
1 1.052052 50.130130
1 1.050050 50.125125
1 1.048048 50.120120
1 1.046046 50.115115
1 1.044044 50.110110
1 1.042042 50.105105
1 1.040040 50.100100
1 1.038038 50.095095
1 1.036036 50.090090
1 1.034034 50.085085
1 1.032032 50.080080
1 1.030030 50.075075
1 1.028028 50.070070
1 1.026026 50.065065
1 1.024024 50.060060
1 1.022022 50.055055
1 1.020020 50.050050
1 1.018018 50.045045
1 1.016016 50.040040
1 1.014014 50.035035
1 1.012012 50.030030
1 1.010010 50.025025
1 1.008008 50.020020
1 1.006006 50.015015
1 1.004004 50.010010
1 1.002002 50.005005
1 1.000000 50.000000
1 1.000000 50.000000
1 1.000501 50.002002
1 1.001001 50.004004
1 1.001502 50.006006
1 1.002002 50.008008
1 1.002503 50.010010
1 1.003003 50.012012
1 1.003504 50.014014
1 1.004004 50.016016
1 1.004505 50.018018
1 1.005005 50.020020
1 1.005506 50.022022
1 1.006006 50.024024
1 1.006507 50.026026
1 1.007007 50.028028
1 1.007508 50.030030
1 1.008008 50.032032
1 1.008509 50.034034
1 1.009009 50.036036
1 1.009510 50.038038
1 1.010010 50.040040
1 1.010511 50.042042
1 1.011011 50.044044
1 1.011512 50.046046
1 1.012012 50.048048
1 1.012513 50.050050
1 1.013013 50.052052
1 1.013514 50.054054
1 1.014014 50.056056
1 1.014515 50.058058
1 1.015015 50.060060
1 1.015516 50.062062
1 1.016016 50.064064
1 1.016517 50.066066
1 1.017017 50.068068
1 1.017518 50.070070
1 1.018018 50.072072
1 1.018519 50.074074
1 1.019019 50.076076
1 1.019520 50.078078
1 1.020020 50.080080
1 1.020521 50.082082
1 1.021021 50.084084
1 1.021522 50.086086
1 1.022022 50.088088
1 1.022523 50.090090
1 1.023023 50.092092
1 1.023524 50.094094
1 1.024024 50.096096
1 1.024525 50.098098
1 1.025025 50.100100
1 1.025526 50.102102
1 1.026026 50.104104
1 1.026527 50.106106
1 1.027027 50.108108
1 1.027528 50.110110
1 1.028028 50.112112
1 1.028529 50.114114
1 1.029029 50.116116
1 1.029530 50.118118
1 1.030030 50.120120
1 1.030531 50.122122
1 1.031031 50.124124
1 1.031532 50.126126
1 1.032032 50.128128
1 1.032533 50.130130
1 1.033033 50.132132
1 1.033534 50.134134
1 1.034034 50.136136
1 1.034535 50.138138
1 1.035035 50.140140
1 1.035536 50.142142
1 1.036036 50.144144
1 1.036537 50.146146
1 1.037037 50.148148
1 1.037538 50.150150
1 1.038038 50.152152
1 1.038539 50.154154
1 1.039039 50.156156
1 1.039540 50.158158
1 1.040040 50.160160
1 1.040541 50.162162
1 1.041041 50.164164
1 1.041542 50.166166
1 1.042042 50.168168
1 1.042543 50.170170
1 1.043043 50.172172
1 1.043544 50.174174
1 1.044044 50.176176
1 1.044545 50.178178
1 1.045045 50.180180
1 1.045546 50.182182
1 1.046046 50.184184
1 1.046547 50.186186
1 1.047047 50.188188
1 1.047548 50.190190
1 1.048048 50.192192
1 1.048549 50.194194
1 1.049049 50.196196
1 1.049550 50.198198
1 1.050050 50.200200
1 1.050551 50.202202
1 1.051051 50.204204
1 1.051552 50.206206
1 1.052052 50.208208
1 1.052553 50.210210
1 1.053053 50.212212
1 1.053554 50.214214
1 1.054054 50.216216
1 1.054555 50.218218
1 1.055055 50.220220
1 1.055556 50.222222
1 1.056056 50.224224
1 1.056557 50.226226
1 1.057057 50.228228
1 1.057558 50.230230
1 1.058058 50.232232
1 1.058559 50.234234
1 1.059059 50.236236
1 1.059560 50.238238
1 1.060060 50.240240
1 1.060561 50.242242
1 1.061061 50.244244
1 1.061562 50.246246
1 1.062062 50.248248
1 1.062563 50.250250
1 1.063063 50.252252
1 1.063564 50.254254
1 1.064064 50.256256
1 1.064565 50.258258
1 1.065065 50.260260
1 1.065566 50.262262
1 1.066066 50.264264
1 1.066567 50.266266
1 1.067067 50.268268
1 1.067568 50.270270
1 1.068068 50.272272
1 1.068569 50.274274
1 1.069069 50.276276
1 1.069570 50.278278
1 1.070070 50.280280
1 1.070571 50.282282
1 1.071071 50.284284
1 1.071572 50.286286
1 1.072072 50.288288
1 1.072573 50.290290
1 1.073073 50.292292
1 1.073574 50.294294
1 1.074074 50.296296
1 1.074575 50.298298
1 1.075075 50.300300
1 1.075576 50.302302
1 1.076076 50.304304
1 1.076577 50.306306
1 1.077077 50.308308
1 1.077578 50.310310
1 1.078078 50.312312
1 1.078579 50.314314
1 1.079079 50.316316
1 1.079580 50.318318
1 1.080080 50.320320
1 1.080581 50.322322
1 1.081081 50.324324
1 1.081582 50.326326
1 1.082082 50.328328
1 1.082583 50.330330
1 1.083083 50.332332
1 1.083584 50.334334
1 1.084084 50.336336
1 1.084585 50.338338
1 1.085085 50.340340
1 1.085586 50.342342
1 1.086086 50.344344
1 1.086587 50.346346
1 1.087087 50.348348
1 1.087588 50.350350
1 1.088088 50.352352
1 1.088589 50.354354
1 1.089089 50.356356
1 1.089590 50.358358
1 1.090090 50.360360
1 1.090591 50.362362
1 1.091091 50.364364
1 1.091592 50.366366
1 1.092092 50.368368
1 1.092593 50.370370
1 1.093093 50.372372
1 1.093594 50.374374
1 1.094094 50.376376
1 1.094595 50.378378
1 1.095095 50.380380
1 1.095596 50.382382
1 1.096096 50.384384
1 1.096597 50.386386
1 1.097097 50.388388
1 1.097598 50.390390
1 1.098098 50.392392
1 1.098599 50.394394
1 1.099099 50.396396
1 1.099600 50.398398
1 1.100100 50.400400
1 1.100601 50.402402
1 1.101101 50.404404
1 1.101602 50.406406
1 1.102102 50.408408
1 1.102603 50.410410
1 1.103103 50.412412
1 1.103604 50.414414
1 1.104104 50.416416
1 1.104605 50.418418
1 1.105105 50.420420
1 1.105606 50.422422
1 1.106106 50.424424
1 1.106607 50.426426
1 1.107107 50.428428
1 1.107608 50.430430
1 1.108108 50.432432
1 1.108609 50.434434
1 1.109109 50.436436
1 1.109610 50.438438
1 1.110110 50.440440
1 1.110611 50.442442
1 1.111111 50.444444
1 1.111612 50.446446
1 1.112112 50.448448
1 1.112613 50.450450
1 1.113113 50.452452
1 1.113614 50.454454
1 1.114114 50.456456
1 1.114615 50.458458
1 1.115115 50.460460
1 1.115616 50.462462
1 1.116116 50.464464
1 1.116617 50.466466
1 1.117117 50.468468
1 1.117618 50.470470
1 1.118118 50.472472
1 1.118619 50.474474
1 1.119119 50.476476
1 1.119620 50.478478
1 1.120120 50.480480
1 1.120621 50.482482
1 1.121121 50.484484
1 1.121622 50.486486
1 1.122122 50.488488
1 1.122623 50.490490
1 1.123123 50.492492
1 1.123624 50.494494
1 1.124124 50.496496
1 1.124625 50.498498
1 1.125125 50.500501
1 1.125626 50.502503
1 1.126126 50.504505
1 1.126627 50.506507
1 1.127127 50.508509
1 1.127628 50.510511
1 1.128128 50.512513
1 1.128629 50.514515
1 1.129129 50.516517
1 1.129630 50.518519
1 1.130130 50.520521
1 1.130631 50.522523
1 1.131131 50.524525
1 1.131632 50.526527
1 1.132132 50.528529
1 1.132633 50.530531
1 1.133133 50.532533
1 1.133634 50.534535
1 1.134134 50.536537
1 1.134635 50.538539
1 1.135135 50.540541
1 1.135636 50.542543
1 1.136136 50.544545
1 1.136637 50.546547
1 1.137137 50.548549
1 1.137638 50.550551
1 1.138138 50.552553
1 1.138639 50.554555
1 1.139139 50.556557
1 1.139640 50.558559
1 1.140140 50.560561
1 1.140641 50.562563
1 1.141141 50.564565
1 1.141642 50.566567
1 1.142142 50.568569
1 1.142643 50.570571
1 1.143143 50.572573
1 1.143644 50.574575
1 1.144144 50.576577
1 1.144645 50.578579
1 1.145145 50.580581
1 1.145646 50.582583
1 1.146146 50.584585
1 1.146647 50.586587
1 1.147147 50.588589
1 1.147648 50.590591
1 1.148148 50.592593
1 1.148649 50.594595
1 1.149149 50.596597
1 1.149650 50.598599
1 1.150150 50.600601
1 1.150651 50.602603
1 1.151151 50.604605
1 1.151652 50.606607
1 1.152152 50.608609
1 1.152653 50.610611
1 1.153153 50.612613
1 1.153654 50.614615
1 1.154154 50.616617
1 1.154655 50.618619
1 1.155155 50.620621
1 1.155656 50.622623
1 1.156156 50.624625
1 1.156657 50.626627
1 1.157157 50.628629
1 1.157658 50.630631
1 1.158158 50.632633
1 1.158659 50.634635
1 1.159159 50.636637
1 1.159660 50.638639
1 1.160160 50.640641
1 1.160661 50.642643
1 1.161161 50.644645
1 1.161662 50.646647
1 1.162162 50.648649
1 1.162663 50.650651
1 1.163163 50.652653
1 1.163664 50.654655
1 1.164164 50.656657
1 1.164665 50.658659
1 1.165165 50.660661
1 1.165666 50.662663
1 1.166166 50.664665
1 1.166667 50.666667
1 1.167167 50.668669
1 1.167668 50.670671
1 1.168168 50.672673
1 1.168669 50.674675
1 1.169169 50.676677
1 1.169670 50.678679
1 1.170170 50.680681
1 1.170671 50.682683
1 1.171171 50.684685
1 1.171672 50.686687
1 1.172172 50.688689
1 1.172673 50.690691
1 1.173173 50.692693
1 1.173674 50.694695
1 1.174174 50.696697
1 1.174675 50.698699
1 1.175175 50.700701
1 1.175676 50.702703
1 1.176176 50.704705
1 1.176677 50.706707
1 1.177177 50.708709
1 1.177678 50.710711
1 1.178178 50.712713
1 1.178679 50.714715
1 1.179179 50.716717
1 1.179680 50.718719
1 1.180180 50.720721
1 1.180681 50.722723
1 1.181181 50.724725
1 1.181682 50.726727
1 1.182182 50.728729
1 1.182683 50.730731
1 1.183183 50.732733
1 1.183684 50.734735
1 1.184184 50.736737
1 1.184685 50.738739
1 1.185185 50.740741
1 1.185686 50.742743
1 1.186186 50.744745
1 1.186687 50.746747
1 1.187187 50.748749
1 1.187688 50.750751
1 1.188188 50.752753
1 1.188689 50.754755
1 1.189189 50.756757
1 1.189690 50.758759
1 1.190190 50.760761
1 1.190691 50.762763
1 1.191191 50.764765
1 1.191692 50.766767
1 1.192192 50.768769
1 1.192693 50.770771
1 1.193193 50.772773
1 1.193694 50.774775
1 1.194194 50.776777
1 1.194695 50.778779
1 1.195195 50.780781
1 1.195696 50.782783
1 1.196196 50.784785
1 1.196697 50.786787
1 1.197197 50.788789
1 1.197698 50.790791
1 1.198198 50.792793
1 1.198699 50.794795
1 1.199199 50.796797
1 1.199700 50.798799
1 1.200200 50.800801
1 1.200701 50.802803
1 1.201201 50.804805
1 1.201702 50.806807
1 1.202202 50.808809
1 1.202703 50.810811
1 1.203203 50.812813
1 1.203704 50.814815
1 1.204204 50.816817
1 1.204705 50.818819
1 1.205205 50.820821
1 1.205706 50.822823
1 1.206206 50.824825
1 1.206707 50.826827
1 1.207207 50.828829
1 1.207708 50.830831
1 1.208208 50.832833
1 1.208709 50.834835
1 1.209209 50.836837
1 1.209710 50.838839
1 1.210210 50.840841
1 1.210711 50.842843
1 1.211211 50.844845
1 1.211712 50.846847
1 1.212212 50.848849
1 1.212713 50.850851
1 1.213213 50.852853
1 1.213714 50.854855
1 1.214214 50.856857
1 1.214715 50.858859
1 1.215215 50.860861
1 1.215716 50.862863
1 1.216216 50.864865
1 1.216717 50.866867
1 1.217217 50.868869
1 1.217718 50.870871
1 1.218218 50.872873
1 1.218719 50.874875
1 1.219219 50.876877
1 1.219720 50.878879
1 1.220220 50.880881
1 1.220721 50.882883
1 1.221221 50.884885
1 1.221722 50.886887
1 1.222222 50.888889
1 1.222723 50.890891
1 1.223223 50.892893
1 1.223724 50.894895
1 1.224224 50.896897
1 1.224725 50.898899
1 1.225225 50.900901
1 1.225726 50.902903
1 1.226226 50.904905
1 1.226727 50.906907
1 1.227227 50.908909
1 1.227728 50.910911
1 1.228228 50.912913
1 1.228729 50.914915
1 1.229229 50.916917
1 1.229730 50.918919
1 1.230230 50.920921
1 1.230731 50.922923
1 1.231231 50.924925
1 1.231732 50.926927
1 1.232232 50.928929
1 1.232733 50.930931
1 1.233233 50.932933
1 1.233734 50.934935
1 1.234234 50.936937
1 1.234735 50.938939
1 1.235235 50.940941
1 1.235736 50.942943
1 1.236236 50.944945
1 1.236737 50.946947
1 1.237237 50.948949
1 1.237738 50.950951
1 1.238238 50.952953
1 1.238739 50.954955
1 1.239239 50.956957
1 1.239740 50.958959
1 1.240240 50.960961
1 1.240741 50.962963
1 1.241241 50.964965
1 1.241742 50.966967
1 1.242242 50.968969
1 1.242743 50.970971
1 1.243243 50.972973
1 1.243744 50.974975
1 1.244244 50.976977
1 1.244745 50.978979
1 1.245245 50.980981
1 1.245746 50.982983
1 1.246246 50.984985
1 1.246747 50.986987
1 1.247247 50.988989
1 1.247748 50.990991
1 1.248248 50.992993
1 1.248749 50.994995
1 1.249249 50.996997
1 1.249750 50.998999
1 1.250250 51.001001
1 1.250751 51.003003
1 1.251251 51.005005
1 1.251752 51.007007
1 1.252252 51.009009
1 1.252753 51.011011
1 1.253253 51.013013
1 1.253754 51.015015
1 1.254254 51.017017
1 1.254755 51.019019
1 1.255255 51.021021
1 1.255756 51.023023
1 1.256256 51.025025
1 1.256757 51.027027
1 1.257257 51.029029
1 1.257758 51.031031
1 1.258258 51.033033
1 1.258759 51.035035
1 1.259259 51.037037
1 1.259760 51.039039
1 1.260260 51.041041
1 1.260761 51.043043
1 1.261261 51.045045
1 1.261762 51.047047
1 1.262262 51.049049
1 1.262763 51.051051
1 1.263263 51.053053
1 1.263764 51.055055
1 1.264264 51.057057
1 1.264765 51.059059
1 1.265265 51.061061
1 1.265766 51.063063
1 1.266266 51.065065
1 1.266767 51.067067
1 1.267267 51.069069
1 1.267768 51.071071
1 1.268268 51.073073
1 1.268769 51.075075
1 1.269269 51.077077
1 1.269770 51.079079
1 1.270270 51.081081
1 1.270771 51.083083
1 1.271271 51.085085
1 1.271772 51.087087
1 1.272272 51.089089
1 1.272773 51.091091
1 1.273273 51.093093
1 1.273774 51.095095
1 1.274274 51.097097
1 1.274775 51.099099
1 1.275275 51.101101
1 1.275776 51.103103
1 1.276276 51.105105
1 1.276777 51.107107
1 1.277277 51.109109
1 1.277778 51.111111
1 1.278278 51.113113
1 1.278779 51.115115
1 1.279279 51.117117
1 1.279780 51.119119
1 1.280280 51.121121
1 1.280781 51.123123
1 1.281281 51.125125
1 1.281782 51.127127
1 1.282282 51.129129
1 1.282783 51.131131
1 1.283283 51.133133
1 1.283784 51.135135
1 1.284284 51.137137
1 1.284785 51.139139
1 1.285285 51.141141
1 1.285786 51.143143
1 1.286286 51.145145
1 1.286787 51.147147
1 1.287287 51.149149
1 1.287788 51.151151
1 1.288288 51.153153
1 1.288789 51.155155
1 1.289289 51.157157
1 1.289790 51.159159
1 1.290290 51.161161
1 1.290791 51.163163
1 1.291291 51.165165
1 1.291792 51.167167
1 1.292292 51.169169
1 1.292793 51.171171
1 1.293293 51.173173
1 1.293794 51.175175
1 1.294294 51.177177
1 1.294795 51.179179
1 1.295295 51.181181
1 1.295796 51.183183
1 1.296296 51.185185
1 1.296797 51.187187
1 1.297297 51.189189
1 1.297798 51.191191
1 1.298298 51.193193
1 1.298799 51.195195
1 1.299299 51.197197
1 1.299800 51.199199
1 1.300300 51.201201
1 1.300801 51.203203
1 1.301301 51.205205
1 1.301802 51.207207
1 1.302302 51.209209
1 1.302803 51.211211
1 1.303303 51.213213
1 1.303804 51.215215
1 1.304304 51.217217
1 1.304805 51.219219
1 1.305305 51.221221
1 1.305806 51.223223
1 1.306306 51.225225
1 1.306807 51.227227
1 1.307307 51.229229
1 1.307808 51.231231
1 1.308308 51.233233
1 1.308809 51.235235
1 1.309309 51.237237
1 1.309810 51.239239
1 1.310310 51.241241
1 1.310811 51.243243
1 1.311311 51.245245
1 1.311812 51.247247
1 1.312312 51.249249
1 1.312813 51.251251
1 1.313313 51.253253
1 1.313814 51.255255
1 1.314314 51.257257
1 1.314815 51.259259
1 1.315315 51.261261
1 1.315816 51.263263
1 1.316316 51.265265
1 1.316817 51.267267
1 1.317317 51.269269
1 1.317818 51.271271
1 1.318318 51.273273
1 1.318819 51.275275
1 1.319319 51.277277
1 1.319820 51.279279
1 1.320320 51.281281
1 1.320821 51.283283
1 1.321321 51.285285
1 1.321822 51.287287
1 1.322322 51.289289
1 1.322823 51.291291
1 1.323323 51.293293
1 1.323824 51.295295
1 1.324324 51.297297
1 1.324825 51.299299
1 1.325325 51.301301
1 1.325826 51.303303
1 1.326326 51.305305
1 1.326827 51.307307
1 1.327327 51.309309
1 1.327828 51.311311
1 1.328328 51.313313
1 1.328829 51.315315
1 1.329329 51.317317
1 1.329830 51.319319
1 1.330330 51.321321
1 1.330831 51.323323
1 1.331331 51.325325
1 1.331832 51.327327
1 1.332332 51.329329
1 1.332833 51.331331
1 1.333333 51.333333
1 1.333834 51.335335
1 1.334334 51.337337
1 1.334835 51.339339
1 1.335335 51.341341
1 1.335836 51.343343
1 1.336336 51.345345
1 1.336837 51.347347
1 1.337337 51.349349
1 1.337838 51.351351
1 1.338338 51.353353
1 1.338839 51.355355
1 1.339339 51.357357
1 1.339840 51.359359
1 1.340340 51.361361
1 1.340841 51.363363
1 1.341341 51.365365
1 1.341842 51.367367
1 1.342342 51.369369
1 1.342843 51.371371
1 1.343343 51.373373
1 1.343844 51.375375
1 1.344344 51.377377
1 1.344845 51.379379
1 1.345345 51.381381
1 1.345846 51.383383
1 1.346346 51.385385
1 1.346847 51.387387
1 1.347347 51.389389
1 1.347848 51.391391
1 1.348348 51.393393
1 1.348849 51.395395
1 1.349349 51.397397
1 1.349850 51.399399
1 1.350350 51.401401
1 1.350851 51.403403
1 1.351351 51.405405
1 1.351852 51.407407
1 1.352352 51.409409
1 1.352853 51.411411
1 1.353353 51.413413
1 1.353854 51.415415
1 1.354354 51.417417
1 1.354855 51.419419
1 1.355355 51.421421
1 1.355856 51.423423
1 1.356356 51.425425
1 1.356857 51.427427
1 1.357357 51.429429
1 1.357858 51.431431
1 1.358358 51.433433
1 1.358859 51.435435
1 1.359359 51.437437
1 1.359860 51.439439
1 1.360360 51.441441
1 1.360861 51.443443
1 1.361361 51.445445
1 1.361862 51.447447
1 1.362362 51.449449
1 1.362863 51.451451
1 1.363363 51.453453
1 1.363864 51.455455
1 1.364364 51.457457
1 1.364865 51.459459
1 1.365365 51.461461
1 1.365866 51.463463
1 1.366366 51.465465
1 1.366867 51.467467
1 1.367367 51.469469
1 1.367868 51.471471
1 1.368368 51.473473
1 1.368869 51.475475
1 1.369369 51.477477
1 1.369870 51.479479
1 1.370370 51.481481
1 1.370871 51.483483
1 1.371371 51.485485
1 1.371872 51.487487
1 1.372372 51.489489
1 1.372873 51.491491
1 1.373373 51.493493
1 1.373874 51.495495
1 1.374374 51.497497
1 1.374875 51.499499
1 1.375375 51.501502
1 1.375876 51.503504
1 1.376376 51.505506
1 1.376877 51.507508
1 1.377377 51.509510
1 1.377878 51.511512
1 1.378378 51.513514
1 1.378879 51.515516
1 1.379379 51.517518
1 1.379880 51.519520
1 1.380380 51.521522
1 1.380881 51.523524
1 1.381381 51.525526
1 1.381882 51.527528
1 1.382382 51.529530
1 1.382883 51.531532
1 1.383383 51.533534
1 1.383884 51.535536
1 1.384384 51.537538
1 1.384885 51.539540
1 1.385385 51.541542
1 1.385886 51.543544
1 1.386386 51.545546
1 1.386887 51.547548
1 1.387387 51.549550
1 1.387888 51.551552
1 1.388388 51.553554
1 1.388889 51.555556
1 1.389389 51.557558
1 1.389890 51.559560
1 1.390390 51.561562
1 1.390891 51.563564
1 1.391391 51.565566
1 1.391892 51.567568
1 1.392392 51.569570
1 1.392893 51.571572
1 1.393393 51.573574
1 1.393894 51.575576
1 1.394394 51.577578
1 1.394895 51.579580
1 1.395395 51.581582
1 1.395896 51.583584
1 1.396396 51.585586
1 1.396897 51.587588
1 1.397397 51.589590
1 1.397898 51.591592
1 1.398398 51.593594
1 1.398899 51.595596
1 1.399399 51.597598
1 1.399900 51.599600
1 1.400400 51.601602
1 1.400901 51.603604
1 1.401401 51.605606
1 1.401902 51.607608
1 1.402402 51.609610
1 1.402903 51.611612
1 1.403403 51.613614
1 1.403904 51.615616
1 1.404404 51.617618
1 1.404905 51.619620
1 1.405405 51.621622
1 1.405906 51.623624
1 1.406406 51.625626
1 1.406907 51.627628
1 1.407407 51.629630
1 1.407908 51.631632
1 1.408408 51.633634
1 1.408909 51.635636
1 1.409409 51.637638
1 1.409910 51.639640
1 1.410410 51.641642
1 1.410911 51.643644
1 1.411411 51.645646
1 1.411912 51.647648
1 1.412412 51.649650
1 1.412913 51.651652
1 1.413413 51.653654
1 1.413914 51.655656
1 1.414414 51.657658
1 1.414915 51.659660
1 1.415415 51.661662
1 1.415916 51.663664
1 1.416416 51.665666
1 1.416917 51.667668
1 1.417417 51.669670
1 1.417918 51.671672
1 1.418418 51.673674
1 1.418919 51.675676
1 1.419419 51.677678
1 1.419920 51.679680
1 1.420420 51.681682
1 1.420921 51.683684
1 1.421421 51.685686
1 1.421922 51.687688
1 1.422422 51.689690
1 1.422923 51.691692
1 1.423423 51.693694
1 1.423924 51.695696
1 1.424424 51.697698
1 1.424925 51.699700
1 1.425425 51.701702
1 1.425926 51.703704
1 1.426426 51.705706
1 1.426927 51.707708
1 1.427427 51.709710
1 1.427928 51.711712
1 1.428428 51.713714
1 1.428929 51.715716
1 1.429429 51.717718
1 1.429930 51.719720
1 1.430430 51.721722
1 1.430931 51.723724
1 1.431431 51.725726
1 1.431932 51.727728
1 1.432432 51.729730
1 1.432933 51.731732
1 1.433433 51.733734
1 1.433934 51.735736
1 1.434434 51.737738
1 1.434935 51.739740
1 1.435435 51.741742
1 1.435936 51.743744
1 1.436436 51.745746
1 1.436937 51.747748
1 1.437437 51.749750
1 1.437938 51.751752
1 1.438438 51.753754
1 1.438939 51.755756
1 1.439439 51.757758
1 1.439940 51.759760
1 1.440440 51.761762
1 1.440941 51.763764
1 1.441441 51.765766
1 1.441942 51.767768
1 1.442442 51.769770
1 1.442943 51.771772
1 1.443443 51.773774
1 1.443944 51.775776
1 1.444444 51.777778
1 1.444945 51.779780
1 1.445445 51.781782
1 1.445946 51.783784
1 1.446446 51.785786
1 1.446947 51.787788
1 1.447447 51.789790
1 1.447948 51.791792
1 1.448448 51.793794
1 1.448949 51.795796
1 1.449449 51.797798
1 1.449950 51.799800
1 1.450450 51.801802
1 1.450951 51.803804
1 1.451451 51.805806
1 1.451952 51.807808
1 1.452452 51.809810
1 1.452953 51.811812
1 1.453453 51.813814
1 1.453954 51.815816
1 1.454454 51.817818
1 1.454955 51.819820
1 1.455455 51.821822
1 1.455956 51.823824
1 1.456456 51.825826
1 1.456957 51.827828
1 1.457457 51.829830
1 1.457958 51.831832
1 1.458458 51.833834
1 1.458959 51.835836
1 1.459459 51.837838
1 1.459960 51.839840
1 1.460460 51.841842
1 1.460961 51.843844
1 1.461461 51.845846
1 1.461962 51.847848
1 1.462462 51.849850
1 1.462963 51.851852
1 1.463463 51.853854
1 1.463964 51.855856
1 1.464464 51.857858
1 1.464965 51.859860
1 1.465465 51.861862
1 1.465966 51.863864
1 1.466466 51.865866
1 1.466967 51.867868
1 1.467467 51.869870
1 1.467968 51.871872
1 1.468468 51.873874
1 1.468969 51.875876
1 1.469469 51.877878
1 1.469970 51.879880
1 1.470470 51.881882
1 1.470971 51.883884
1 1.471471 51.885886
1 1.471972 51.887888
1 1.472472 51.889890
1 1.472973 51.891892
1 1.473473 51.893894
1 1.473974 51.895896
1 1.474474 51.897898
1 1.474975 51.899900
1 1.475475 51.901902
1 1.475976 51.903904
1 1.476476 51.905906
1 1.476977 51.907908
1 1.477477 51.909910
1 1.477978 51.911912
1 1.478478 51.913914
1 1.478979 51.915916
1 1.479479 51.917918
1 1.479980 51.919920
1 1.480480 51.921922
1 1.480981 51.923924
1 1.481481 51.925926
1 1.481982 51.927928
1 1.482482 51.929930
1 1.482983 51.931932
1 1.483483 51.933934
1 1.483984 51.935936
1 1.484484 51.937938
1 1.484985 51.939940
1 1.485485 51.941942
1 1.485986 51.943944
1 1.486486 51.945946
1 1.486987 51.947948
1 1.487487 51.949950
1 1.487988 51.951952
1 1.488488 51.953954
1 1.488989 51.955956
1 1.489489 51.957958
1 1.489990 51.959960
1 1.490490 51.961962
1 1.490991 51.963964
1 1.491491 51.965966
1 1.491992 51.967968
1 1.492492 51.969970
1 1.492993 51.971972
1 1.493493 51.973974
1 1.493994 51.975976
1 1.494494 51.977978
1 1.494995 51.979980
1 1.495495 51.981982
1 1.495996 51.983984
1 1.496496 51.985986
1 1.496997 51.987988
1 1.497497 51.989990
1 1.497998 51.991992
1 1.498498 51.993994
1 1.498999 51.995996
1 1.499499 51.997998
1 1.500000 52.000000
1 1.500000 52.000000
1 1.502002 52.003003
1 1.504004 52.006006
1 1.506006 52.009009
1 1.508008 52.012012
1 1.510010 52.015015
1 1.512012 52.018018
1 1.514014 52.021021
1 1.516016 52.024024
1 1.518018 52.027027
1 1.520020 52.030030
1 1.522022 52.033033
1 1.524024 52.036036
1 1.526026 52.039039
1 1.528028 52.042042
1 1.530030 52.045045
1 1.532032 52.048048
1 1.534034 52.051051
1 1.536036 52.054054
1 1.538038 52.057057
1 1.540040 52.060060
1 1.542042 52.063063
1 1.544044 52.066066
1 1.546046 52.069069
1 1.548048 52.072072
1 1.550050 52.075075
1 1.552052 52.078078
1 1.554054 52.081081
1 1.556056 52.084084
1 1.558058 52.087087
1 1.560060 52.090090
1 1.562062 52.093093
1 1.564064 52.096096
1 1.566066 52.099099
1 1.568068 52.102102
1 1.570070 52.105105
1 1.572072 52.108108
1 1.574074 52.111111
1 1.576076 52.114114
1 1.578078 52.117117
1 1.580080 52.120120
1 1.582082 52.123123
1 1.584084 52.126126
1 1.586086 52.129129
1 1.588088 52.132132
1 1.590090 52.135135
1 1.592092 52.138138
1 1.594094 52.141141
1 1.596096 52.144144
1 1.598098 52.147147
1 1.600100 52.150150
1 1.602102 52.153153
1 1.604104 52.156156
1 1.606106 52.159159
1 1.608108 52.162162
1 1.610110 52.165165
1 1.612112 52.168168
1 1.614114 52.171171
1 1.616116 52.174174
1 1.618118 52.177177
1 1.620120 52.180180
1 1.622122 52.183183
1 1.624124 52.186186
1 1.626126 52.189189
1 1.628128 52.192192
1 1.630130 52.195195
1 1.632132 52.198198
1 1.634134 52.201201
1 1.636136 52.204204
1 1.638138 52.207207
1 1.640140 52.210210
1 1.642142 52.213213
1 1.644144 52.216216
1 1.646146 52.219219
1 1.648148 52.222222
1 1.650150 52.225225
1 1.652152 52.228228
1 1.654154 52.231231
1 1.656156 52.234234
1 1.658158 52.237237
1 1.660160 52.240240
1 1.662162 52.243243
1 1.664164 52.246246
1 1.666166 52.249249
1 1.668168 52.252252
1 1.670170 52.255255
1 1.672172 52.258258
1 1.674174 52.261261
1 1.676176 52.264264
1 1.678178 52.267267
1 1.680180 52.270270
1 1.682182 52.273273
1 1.684184 52.276276
1 1.686186 52.279279
1 1.688188 52.282282
1 1.690190 52.285285
1 1.692192 52.288288
1 1.694194 52.291291
1 1.696196 52.294294
1 1.698198 52.297297
1 1.700200 52.300300
1 1.702202 52.303303
1 1.704204 52.306306
1 1.706206 52.309309
1 1.708208 52.312312
1 1.710210 52.315315
1 1.712212 52.318318
1 1.714214 52.321321
1 1.716216 52.324324
1 1.718218 52.327327
1 1.720220 52.330330
1 1.722222 52.333333
1 1.724224 52.336336
1 1.726226 52.339339
1 1.728228 52.342342
1 1.730230 52.345345
1 1.732232 52.348348
1 1.734234 52.351351
1 1.736236 52.354354
1 1.738238 52.357357
1 1.740240 52.360360
1 1.742242 52.363363
1 1.744244 52.366366
1 1.746246 52.369369
1 1.748248 52.372372
1 1.750250 52.375375
1 1.752252 52.378378
1 1.754254 52.381381
1 1.756256 52.384384
1 1.758258 52.387387
1 1.760260 52.390390
1 1.762262 52.393393
1 1.764264 52.396396
1 1.766266 52.399399
1 1.768268 52.402402
1 1.770270 52.405405
1 1.772272 52.408408
1 1.774274 52.411411
1 1.776276 52.414414
1 1.778278 52.417417
1 1.780280 52.420420
1 1.782282 52.423423
1 1.784284 52.426426
1 1.786286 52.429429
1 1.788288 52.432432
1 1.790290 52.435435
1 1.792292 52.438438
1 1.794294 52.441441
1 1.796296 52.444444
1 1.798298 52.447447
1 1.800300 52.450450
1 1.802302 52.453453
1 1.804304 52.456456
1 1.806306 52.459459
1 1.808308 52.462462
1 1.810310 52.465465
1 1.812312 52.468468
1 1.814314 52.471471
1 1.816316 52.474474
1 1.818318 52.477477
1 1.820320 52.480480
1 1.822322 52.483483
1 1.824324 52.486486
1 1.826326 52.489489
1 1.828328 52.492492
1 1.830330 52.495495
1 1.832332 52.498498
1 1.834334 52.501502
1 1.836336 52.504505
1 1.838338 52.507508
1 1.840340 52.510511
1 1.842342 52.513514
1 1.844344 52.516517
1 1.846346 52.519520
1 1.848348 52.522523
1 1.850350 52.525526
1 1.852352 52.528529
1 1.854354 52.531532
1 1.856356 52.534535
1 1.858358 52.537538
1 1.860360 52.540541
1 1.862362 52.543544
1 1.864364 52.546547
1 1.866366 52.549550
1 1.868368 52.552553
1 1.870370 52.555556
1 1.872372 52.558559
1 1.874374 52.561562
1 1.876376 52.564565
1 1.878378 52.567568
1 1.880380 52.570571
1 1.882382 52.573574
1 1.884384 52.576577
1 1.886386 52.579580
1 1.888388 52.582583
1 1.890390 52.585586
1 1.892392 52.588589
1 1.894394 52.591592
1 1.896396 52.594595
1 1.898398 52.597598
1 1.900400 52.600601
1 1.902402 52.603604
1 1.904404 52.606607
1 1.906406 52.609610
1 1.908408 52.612613
1 1.910410 52.615616
1 1.912412 52.618619
1 1.914414 52.621622
1 1.916416 52.624625
1 1.918418 52.627628
1 1.920420 52.630631
1 1.922422 52.633634
1 1.924424 52.636637
1 1.926426 52.639640
1 1.928428 52.642643
1 1.930430 52.645646
1 1.932432 52.648649
1 1.934434 52.651652
1 1.936436 52.654655
1 1.938438 52.657658
1 1.940440 52.660661
1 1.942442 52.663664
1 1.944444 52.666667
1 1.946446 52.669670
1 1.948448 52.672673
1 1.950450 52.675676
1 1.952452 52.678679
1 1.954454 52.681682
1 1.956456 52.684685
1 1.958458 52.687688
1 1.960460 52.690691
1 1.962462 52.693694
1 1.964464 52.696697
1 1.966466 52.699700
1 1.968468 52.702703
1 1.970470 52.705706
1 1.972472 52.708709
1 1.974474 52.711712
1 1.976476 52.714715
1 1.978478 52.717718
1 1.980480 52.720721
1 1.982482 52.723724
1 1.984484 52.726727
1 1.986486 52.729730
1 1.988488 52.732733
1 1.990490 52.735736
1 1.992492 52.738739
1 1.994494 52.741742
1 1.996496 52.744745
1 1.998498 52.747748
1 2.000501 52.750751
1 2.002503 52.753754
1 2.004505 52.756757
1 2.006507 52.759760
1 2.008509 52.762763
1 2.010511 52.765766
1 2.012513 52.768769
1 2.014515 52.771772
1 2.016517 52.774775
1 2.018519 52.777778
1 2.020521 52.780781
1 2.022523 52.783784
1 2.024525 52.786787
1 2.026527 52.789790
1 2.028529 52.792793
1 2.030531 52.795796
1 2.032533 52.798799
1 2.034535 52.801802
1 2.036537 52.804805
1 2.038539 52.807808
1 2.040541 52.810811
1 2.042543 52.813814
1 2.044545 52.816817
1 2.046547 52.819820
1 2.048549 52.822823
1 2.050551 52.825826
1 2.052553 52.828829
1 2.054555 52.831832
1 2.056557 52.834835
1 2.058559 52.837838
1 2.060561 52.840841
1 2.062563 52.843844
1 2.064565 52.846847
1 2.066567 52.849850
1 2.068569 52.852853
1 2.070571 52.855856
1 2.072573 52.858859
1 2.074575 52.861862
1 2.076577 52.864865
1 2.078579 52.867868
1 2.080581 52.870871
1 2.082583 52.873874
1 2.084585 52.876877
1 2.086587 52.879880
1 2.088589 52.882883
1 2.090591 52.885886
1 2.092593 52.888889
1 2.094595 52.891892
1 2.096597 52.894895
1 2.098599 52.897898
1 2.100601 52.900901
1 2.102603 52.903904
1 2.104605 52.906907
1 2.106607 52.909910
1 2.108609 52.912913
1 2.110611 52.915916
1 2.112613 52.918919
1 2.114615 52.921922
1 2.116617 52.924925
1 2.118619 52.927928
1 2.120621 52.930931
1 2.122623 52.933934
1 2.124625 52.936937
1 2.126627 52.939940
1 2.128629 52.942943
1 2.130631 52.945946
1 2.132633 52.948949
1 2.134635 52.951952
1 2.136637 52.954955
1 2.138639 52.957958
1 2.140641 52.960961
1 2.142643 52.963964
1 2.144645 52.966967
1 2.146647 52.969970
1 2.148649 52.972973
1 2.150651 52.975976
1 2.152653 52.978979
1 2.154655 52.981982
1 2.156657 52.984985
1 2.158659 52.987988
1 2.160661 52.990991
1 2.162663 52.993994
1 2.164665 52.996997
1 2.166667 53.000000
1 2.168669 53.003003
1 2.170671 53.006006
1 2.172673 53.009009
1 2.174675 53.012012
1 2.176677 53.015015
1 2.178679 53.018018
1 2.180681 53.021021
1 2.182683 53.024024
1 2.184685 53.027027
1 2.186687 53.030030
1 2.188689 53.033033
1 2.190691 53.036036
1 2.192693 53.039039
1 2.194695 53.042042
1 2.196697 53.045045
1 2.198699 53.048048
1 2.200701 53.051051
1 2.202703 53.054054
1 2.204705 53.057057
1 2.206707 53.060060
1 2.208709 53.063063
1 2.210711 53.066066
1 2.212713 53.069069
1 2.214715 53.072072
1 2.216717 53.075075
1 2.218719 53.078078
1 2.220721 53.081081
1 2.222723 53.084084
1 2.224725 53.087087
1 2.226727 53.090090
1 2.228729 53.093093
1 2.230731 53.096096
1 2.232733 53.099099
1 2.234735 53.102102
1 2.236737 53.105105
1 2.238739 53.108108
1 2.240741 53.111111
1 2.242743 53.114114
1 2.244745 53.117117
1 2.246747 53.120120
1 2.248749 53.123123
1 2.250751 53.126126
1 2.252753 53.129129
1 2.254755 53.132132
1 2.256757 53.135135
1 2.258759 53.138138
1 2.260761 53.141141
1 2.262763 53.144144
1 2.264765 53.147147
1 2.266767 53.150150
1 2.268769 53.153153
1 2.270771 53.156156
1 2.272773 53.159159
1 2.274775 53.162162
1 2.276777 53.165165
1 2.278779 53.168168
1 2.280781 53.171171
1 2.282783 53.174174
1 2.284785 53.177177
1 2.286787 53.180180
1 2.288789 53.183183
1 2.290791 53.186186
1 2.292793 53.189189
1 2.294795 53.192192
1 2.296797 53.195195
1 2.298799 53.198198
1 2.300801 53.201201
1 2.302803 53.204204
1 2.304805 53.207207
1 2.306807 53.210210
1 2.308809 53.213213
1 2.310811 53.216216
1 2.312813 53.219219
1 2.314815 53.222222
1 2.316817 53.225225
1 2.318819 53.228228
1 2.320821 53.231231
1 2.322823 53.234234
1 2.324825 53.237237
1 2.326827 53.240240
1 2.328829 53.243243
1 2.330831 53.246246
1 2.332833 53.249249
1 2.334835 53.252252
1 2.336837 53.255255
1 2.338839 53.258258
1 2.340841 53.261261
1 2.342843 53.264264
1 2.344845 53.267267
1 2.346847 53.270270
1 2.348849 53.273273
1 2.350851 53.276276
1 2.352853 53.279279
1 2.354855 53.282282
1 2.356857 53.285285
1 2.358859 53.288288
1 2.360861 53.291291
1 2.362863 53.294294
1 2.364865 53.297297
1 2.366867 53.300300
1 2.368869 53.303303
1 2.370871 53.306306
1 2.372873 53.309309
1 2.374875 53.312312
1 2.376877 53.315315
1 2.378879 53.318318
1 2.380881 53.321321
1 2.382883 53.324324
1 2.384885 53.327327
1 2.386887 53.330330
1 2.388889 53.333333
1 2.390891 53.336336
1 2.392893 53.339339
1 2.394895 53.342342
1 2.396897 53.345345
1 2.398899 53.348348
1 2.400901 53.351351
1 2.402903 53.354354
1 2.404905 53.357357
1 2.406907 53.360360
1 2.408909 53.363363
1 2.410911 53.366366
1 2.412913 53.369369
1 2.414915 53.372372
1 2.416917 53.375375
1 2.418919 53.378378
1 2.420921 53.381381
1 2.422923 53.384384
1 2.424925 53.387387
1 2.426927 53.390390
1 2.428929 53.393393
1 2.430931 53.396396
1 2.432933 53.399399
1 2.434935 53.402402
1 2.436937 53.405405
1 2.438939 53.408408
1 2.440941 53.411411
1 2.442943 53.414414
1 2.444945 53.417417
1 2.446947 53.420420
1 2.448949 53.423423
1 2.450951 53.426426
1 2.452953 53.429429
1 2.454955 53.432432
1 2.456957 53.435435
1 2.458959 53.438438
1 2.460961 53.441441
1 2.462963 53.444444
1 2.464965 53.447447
1 2.466967 53.450450
1 2.468969 53.453453
1 2.470971 53.456456
1 2.472973 53.459459
1 2.474975 53.462462
1 2.476977 53.465465
1 2.478979 53.468468
1 2.480981 53.471471
1 2.482983 53.474474
1 2.484985 53.477477
1 2.486987 53.480480
1 2.488989 53.483483
1 2.490991 53.486486
1 2.492993 53.489489
1 2.494995 53.492492
1 2.496997 53.495495
1 2.498999 53.498498
1 2.501001 53.501502
1 2.503003 53.504505
1 2.505005 53.507508
1 2.507007 53.510511
1 2.509009 53.513514
1 2.511011 53.516517
1 2.513013 53.519520
1 2.515015 53.522523
1 2.517017 53.525526
1 2.519019 53.528529
1 2.521021 53.531532
1 2.523023 53.534535
1 2.525025 53.537538
1 2.527027 53.540541
1 2.529029 53.543544
1 2.531031 53.546547
1 2.533033 53.549550
1 2.535035 53.552553
1 2.537037 53.555556
1 2.539039 53.558559
1 2.541041 53.561562
1 2.543043 53.564565
1 2.545045 53.567568
1 2.547047 53.570571
1 2.549049 53.573574
1 2.551051 53.576577
1 2.553053 53.579580
1 2.555055 53.582583
1 2.557057 53.585586
1 2.559059 53.588589
1 2.561061 53.591592
1 2.563063 53.594595
1 2.565065 53.597598
1 2.567067 53.600601
1 2.569069 53.603604
1 2.571071 53.606607
1 2.573073 53.609610
1 2.575075 53.612613
1 2.577077 53.615616
1 2.579079 53.618619
1 2.581081 53.621622
1 2.583083 53.624625
1 2.585085 53.627628
1 2.587087 53.630631
1 2.589089 53.633634
1 2.591091 53.636637
1 2.593093 53.639640
1 2.595095 53.642643
1 2.597097 53.645646
1 2.599099 53.648649
1 2.601101 53.651652
1 2.603103 53.654655
1 2.605105 53.657658
1 2.607107 53.660661
1 2.609109 53.663664
1 2.611111 53.666667
1 2.613113 53.669670
1 2.615115 53.672673
1 2.617117 53.675676
1 2.619119 53.678679
1 2.621121 53.681682
1 2.623123 53.684685
1 2.625125 53.687688
1 2.627127 53.690691
1 2.629129 53.693694
1 2.631131 53.696697
1 2.633133 53.699700
1 2.635135 53.702703
1 2.637137 53.705706
1 2.639139 53.708709
1 2.641141 53.711712
1 2.643143 53.714715
1 2.645145 53.717718
1 2.647147 53.720721
1 2.649149 53.723724
1 2.651151 53.726727
1 2.653153 53.729730
1 2.655155 53.732733
1 2.657157 53.735736
1 2.659159 53.738739
1 2.661161 53.741742
1 2.663163 53.744745
1 2.665165 53.747748
1 2.667167 53.750751
1 2.669169 53.753754
1 2.671171 53.756757
1 2.673173 53.759760
1 2.675175 53.762763
1 2.677177 53.765766
1 2.679179 53.768769
1 2.681181 53.771772
1 2.683183 53.774775
1 2.685185 53.777778
1 2.687187 53.780781
1 2.689189 53.783784
1 2.691191 53.786787
1 2.693193 53.789790
1 2.695195 53.792793
1 2.697197 53.795796
1 2.699199 53.798799
1 2.701201 53.801802
1 2.703203 53.804805
1 2.705205 53.807808
1 2.707207 53.810811
1 2.709209 53.813814
1 2.711211 53.816817
1 2.713213 53.819820
1 2.715215 53.822823
1 2.717217 53.825826
1 2.719219 53.828829
1 2.721221 53.831832
1 2.723223 53.834835
1 2.725225 53.837838
1 2.727227 53.840841
1 2.729229 53.843844
1 2.731231 53.846847
1 2.733233 53.849850
1 2.735235 53.852853
1 2.737237 53.855856
1 2.739239 53.858859
1 2.741241 53.861862
1 2.743243 53.864865
1 2.745245 53.867868
1 2.747247 53.870871
1 2.749249 53.873874
1 2.751251 53.876877
1 2.753253 53.879880
1 2.755255 53.882883
1 2.757257 53.885886
1 2.759259 53.888889
1 2.761261 53.891892
1 2.763263 53.894895
1 2.765265 53.897898
1 2.767267 53.900901
1 2.769269 53.903904
1 2.771271 53.906907
1 2.773273 53.909910
1 2.775275 53.912913
1 2.777277 53.915916
1 2.779279 53.918919
1 2.781281 53.921922
1 2.783283 53.924925
1 2.785285 53.927928
1 2.787287 53.930931
1 2.789289 53.933934
1 2.791291 53.936937
1 2.793293 53.939940
1 2.795295 53.942943
1 2.797297 53.945946
1 2.799299 53.948949
1 2.801301 53.951952
1 2.803303 53.954955
1 2.805305 53.957958
1 2.807307 53.960961
1 2.809309 53.963964
1 2.811311 53.966967
1 2.813313 53.969970
1 2.815315 53.972973
1 2.817317 53.975976
1 2.819319 53.978979
1 2.821321 53.981982
1 2.823323 53.984985
1 2.825325 53.987988
1 2.827327 53.990991
1 2.829329 53.993994
1 2.831331 53.996997
1 2.833333 54.000000
1 2.835335 54.003003
1 2.837337 54.006006
1 2.839339 54.009009
1 2.841341 54.012012
1 2.843343 54.015015
1 2.845345 54.018018
1 2.847347 54.021021
1 2.849349 54.024024
1 2.851351 54.027027
1 2.853353 54.030030
1 2.855355 54.033033
1 2.857357 54.036036
1 2.859359 54.039039
1 2.861361 54.042042
1 2.863363 54.045045
1 2.865365 54.048048
1 2.867367 54.051051
1 2.869369 54.054054
1 2.871371 54.057057
1 2.873373 54.060060
1 2.875375 54.063063
1 2.877377 54.066066
1 2.879379 54.069069
1 2.881381 54.072072
1 2.883383 54.075075
1 2.885385 54.078078
1 2.887387 54.081081
1 2.889389 54.084084
1 2.891391 54.087087
1 2.893393 54.090090
1 2.895395 54.093093
1 2.897397 54.096096
1 2.899399 54.099099
1 2.901401 54.102102
1 2.903403 54.105105
1 2.905405 54.108108
1 2.907407 54.111111
1 2.909409 54.114114
1 2.911411 54.117117
1 2.913413 54.120120
1 2.915415 54.123123
1 2.917417 54.126126
1 2.919419 54.129129
1 2.921421 54.132132
1 2.923423 54.135135
1 2.925425 54.138138
1 2.927427 54.141141
1 2.929429 54.144144
1 2.931431 54.147147
1 2.933433 54.150150
1 2.935435 54.153153
1 2.937437 54.156156
1 2.939439 54.159159
1 2.941441 54.162162
1 2.943443 54.165165
1 2.945445 54.168168
1 2.947447 54.171171
1 2.949449 54.174174
1 2.951451 54.177177
1 2.953453 54.180180
1 2.955455 54.183183
1 2.957457 54.186186
1 2.959459 54.189189
1 2.961461 54.192192
1 2.963463 54.195195
1 2.965465 54.198198
1 2.967467 54.201201
1 2.969469 54.204204
1 2.971471 54.207207
1 2.973473 54.210210
1 2.975475 54.213213
1 2.977477 54.216216
1 2.979479 54.219219
1 2.981481 54.222222
1 2.983483 54.225225
1 2.985485 54.228228
1 2.987487 54.231231
1 2.989489 54.234234
1 2.991491 54.237237
1 2.993493 54.240240
1 2.995495 54.243243
1 2.997497 54.246246
1 2.999499 54.249249
1 3.001502 54.252252
1 3.003504 54.255255
1 3.005506 54.258258
1 3.007508 54.261261
1 3.009510 54.264264
1 3.011512 54.267267
1 3.013514 54.270270
1 3.015516 54.273273
1 3.017518 54.276276
1 3.019520 54.279279
1 3.021522 54.282282
1 3.023524 54.285285
1 3.025526 54.288288
1 3.027528 54.291291
1 3.029530 54.294294
1 3.031532 54.297297
1 3.033534 54.300300
1 3.035536 54.303303
1 3.037538 54.306306
1 3.039540 54.309309
1 3.041542 54.312312
1 3.043544 54.315315
1 3.045546 54.318318
1 3.047548 54.321321
1 3.049550 54.324324
1 3.051552 54.327327
1 3.053554 54.330330
1 3.055556 54.333333
1 3.057558 54.336336
1 3.059560 54.339339
1 3.061562 54.342342
1 3.063564 54.345345
1 3.065566 54.348348
1 3.067568 54.351351
1 3.069570 54.354354
1 3.071572 54.357357
1 3.073574 54.360360
1 3.075576 54.363363
1 3.077578 54.366366
1 3.079580 54.369369
1 3.081582 54.372372
1 3.083584 54.375375
1 3.085586 54.378378
1 3.087588 54.381381
1 3.089590 54.384384
1 3.091592 54.387387
1 3.093594 54.390390
1 3.095596 54.393393
1 3.097598 54.396396
1 3.099600 54.399399
1 3.101602 54.402402
1 3.103604 54.405405
1 3.105606 54.408408
1 3.107608 54.411411
1 3.109610 54.414414
1 3.111612 54.417417
1 3.113614 54.420420
1 3.115616 54.423423
1 3.117618 54.426426
1 3.119620 54.429429
1 3.121622 54.432432
1 3.123624 54.435435
1 3.125626 54.438438
1 3.127628 54.441441
1 3.129630 54.444444
1 3.131632 54.447447
1 3.133634 54.450450
1 3.135636 54.453453
1 3.137638 54.456456
1 3.139640 54.459459
1 3.141642 54.462462
1 3.143644 54.465465
1 3.145646 54.468468
1 3.147648 54.471471
1 3.149650 54.474474
1 3.151652 54.477477
1 3.153654 54.480480
1 3.155656 54.483483
1 3.157658 54.486486
1 3.159660 54.489489
1 3.161662 54.492492
1 3.163664 54.495495
1 3.165666 54.498498
1 3.167668 54.501502
1 3.169670 54.504505
1 3.171672 54.507508
1 3.173674 54.510511
1 3.175676 54.513514
1 3.177678 54.516517
1 3.179680 54.519520
1 3.181682 54.522523
1 3.183684 54.525526
1 3.185686 54.528529
1 3.187688 54.531532
1 3.189690 54.534535
1 3.191692 54.537538
1 3.193694 54.540541
1 3.195696 54.543544
1 3.197698 54.546547
1 3.199700 54.549550
1 3.201702 54.552553
1 3.203704 54.555556
1 3.205706 54.558559
1 3.207708 54.561562
1 3.209710 54.564565
1 3.211712 54.567568
1 3.213714 54.570571
1 3.215716 54.573574
1 3.217718 54.576577
1 3.219720 54.579580
1 3.221722 54.582583
1 3.223724 54.585586
1 3.225726 54.588589
1 3.227728 54.591592
1 3.229730 54.594595
1 3.231732 54.597598
1 3.233734 54.600601
1 3.235736 54.603604
1 3.237738 54.606607
1 3.239740 54.609610
1 3.241742 54.612613
1 3.243744 54.615616
1 3.245746 54.618619
1 3.247748 54.621622
1 3.249750 54.624625
1 3.251752 54.627628
1 3.253754 54.630631
1 3.255756 54.633634
1 3.257758 54.636637
1 3.259760 54.639640
1 3.261762 54.642643
1 3.263764 54.645646
1 3.265766 54.648649
1 3.267768 54.651652
1 3.269770 54.654655
1 3.271772 54.657658
1 3.273774 54.660661
1 3.275776 54.663664
1 3.277778 54.666667
1 3.279780 54.669670
1 3.281782 54.672673
1 3.283784 54.675676
1 3.285786 54.678679
1 3.287788 54.681682
1 3.289790 54.684685
1 3.291792 54.687688
1 3.293794 54.690691
1 3.295796 54.693694
1 3.297798 54.696697
1 3.299800 54.699700
1 3.301802 54.702703
1 3.303804 54.705706
1 3.305806 54.708709
1 3.307808 54.711712
1 3.309810 54.714715
1 3.311812 54.717718
1 3.313814 54.720721
1 3.315816 54.723724
1 3.317818 54.726727
1 3.319820 54.729730
1 3.321822 54.732733
1 3.323824 54.735736
1 3.325826 54.738739
1 3.327828 54.741742
1 3.329830 54.744745
1 3.331832 54.747748
1 3.333834 54.750751
1 3.335836 54.753754
1 3.337838 54.756757
1 3.339840 54.759760
1 3.341842 54.762763
1 3.343844 54.765766
1 3.345846 54.768769
1 3.347848 54.771772
1 3.349850 54.774775
1 3.351852 54.777778
1 3.353854 54.780781
1 3.355856 54.783784
1 3.357858 54.786787
1 3.359860 54.789790
1 3.361862 54.792793
1 3.363864 54.795796
1 3.365866 54.798799
1 3.367868 54.801802
1 3.369870 54.804805
1 3.371872 54.807808
1 3.373874 54.810811
1 3.375876 54.813814
1 3.377878 54.816817
1 3.379880 54.819820
1 3.381882 54.822823
1 3.383884 54.825826
1 3.385886 54.828829
1 3.387888 54.831832
1 3.389890 54.834835
1 3.391892 54.837838
1 3.393894 54.840841
1 3.395896 54.843844
1 3.397898 54.846847
1 3.399900 54.849850
1 3.401902 54.852853
1 3.403904 54.855856
1 3.405906 54.858859
1 3.407908 54.861862
1 3.409910 54.864865
1 3.411912 54.867868
1 3.413914 54.870871
1 3.415916 54.873874
1 3.417918 54.876877
1 3.419920 54.879880
1 3.421922 54.882883
1 3.423924 54.885886
1 3.425926 54.888889
1 3.427928 54.891892
1 3.429930 54.894895
1 3.431932 54.897898
1 3.433934 54.900901
1 3.435936 54.903904
1 3.437938 54.906907
1 3.439940 54.909910
1 3.441942 54.912913
1 3.443944 54.915916
1 3.445946 54.918919
1 3.447948 54.921922
1 3.449950 54.924925
1 3.451952 54.927928
1 3.453954 54.930931
1 3.455956 54.933934
1 3.457958 54.936937
1 3.459960 54.939940
1 3.461962 54.942943
1 3.463964 54.945946
1 3.465966 54.948949
1 3.467968 54.951952
1 3.469970 54.954955
1 3.471972 54.957958
1 3.473974 54.960961
1 3.475976 54.963964
1 3.477978 54.966967
1 3.479980 54.969970
1 3.481982 54.972973
1 3.483984 54.975976
1 3.485986 54.978979
1 3.487988 54.981982
1 3.489990 54.984985
1 3.491992 54.987988
1 3.493994 54.990991
1 3.495996 54.993994
1 3.497998 54.996997
1 3.500000 55.000000
1 3.500000 55.000000
1 3.496496 54.998999
1 3.492993 54.997998
1 3.489489 54.996997
1 3.485986 54.995996
1 3.482482 54.994995
1 3.478979 54.993994
1 3.475475 54.992993
1 3.471972 54.991992
1 3.468468 54.990991
1 3.464965 54.989990
1 3.461461 54.988989
1 3.457958 54.987988
1 3.454454 54.986987
1 3.450951 54.985986
1 3.447447 54.984985
1 3.443944 54.983984
1 3.440440 54.982983
1 3.436937 54.981982
1 3.433433 54.980981
1 3.429930 54.979980
1 3.426426 54.978979
1 3.422923 54.977978
1 3.419419 54.976977
1 3.415916 54.975976
1 3.412412 54.974975
1 3.408909 54.973974
1 3.405405 54.972973
1 3.401902 54.971972
1 3.398398 54.970971
1 3.394895 54.969970
1 3.391391 54.968969
1 3.387888 54.967968
1 3.384384 54.966967
1 3.380881 54.965966
1 3.377377 54.964965
1 3.373874 54.963964
1 3.370370 54.962963
1 3.366867 54.961962
1 3.363363 54.960961
1 3.359860 54.959960
1 3.356356 54.958959
1 3.352853 54.957958
1 3.349349 54.956957
1 3.345846 54.955956
1 3.342342 54.954955
1 3.338839 54.953954
1 3.335335 54.952953
1 3.331832 54.951952
1 3.328328 54.950951
1 3.324825 54.949950
1 3.321321 54.948949
1 3.317818 54.947948
1 3.314314 54.946947
1 3.310811 54.945946
1 3.307307 54.944945
1 3.303804 54.943944
1 3.300300 54.942943
1 3.296797 54.941942
1 3.293293 54.940941
1 3.289790 54.939940
1 3.286286 54.938939
1 3.282783 54.937938
1 3.279279 54.936937
1 3.275776 54.935936
1 3.272272 54.934935
1 3.268769 54.933934
1 3.265265 54.932933
1 3.261762 54.931932
1 3.258258 54.930931
1 3.254755 54.929930
1 3.251251 54.928929
1 3.247748 54.927928
1 3.244244 54.926927
1 3.240741 54.925926
1 3.237237 54.924925
1 3.233734 54.923924
1 3.230230 54.922923
1 3.226727 54.921922
1 3.223223 54.920921
1 3.219720 54.919920
1 3.216216 54.918919
1 3.212713 54.917918
1 3.209209 54.916917
1 3.205706 54.915916
1 3.202202 54.914915
1 3.198699 54.913914
1 3.195195 54.912913
1 3.191692 54.911912
1 3.188188 54.910911
1 3.184685 54.909910
1 3.181181 54.908909
1 3.177678 54.907908
1 3.174174 54.906907
1 3.170671 54.905906
1 3.167167 54.904905
1 3.163664 54.903904
1 3.160160 54.902903
1 3.156657 54.901902
1 3.153153 54.900901
1 3.149650 54.899900
1 3.146146 54.898899
1 3.142643 54.897898
1 3.139139 54.896897
1 3.135636 54.895896
1 3.132132 54.894895
1 3.128629 54.893894
1 3.125125 54.892893
1 3.121622 54.891892
1 3.118118 54.890891
1 3.114615 54.889890
1 3.111111 54.888889
1 3.107608 54.887888
1 3.104104 54.886887
1 3.100601 54.885886
1 3.097097 54.884885
1 3.093594 54.883884
1 3.090090 54.882883
1 3.086587 54.881882
1 3.083083 54.880881
1 3.079580 54.879880
1 3.076076 54.878879
1 3.072573 54.877878
1 3.069069 54.876877
1 3.065566 54.875876
1 3.062062 54.874875
1 3.058559 54.873874
1 3.055055 54.872873
1 3.051552 54.871872
1 3.048048 54.870871
1 3.044545 54.869870
1 3.041041 54.868869
1 3.037538 54.867868
1 3.034034 54.866867
1 3.030531 54.865866
1 3.027027 54.864865
1 3.023524 54.863864
1 3.020020 54.862863
1 3.016517 54.861862
1 3.013013 54.860861
1 3.009510 54.859860
1 3.006006 54.858859
1 3.002503 54.857858
1 2.998999 54.856857
1 2.995495 54.855856
1 2.991992 54.854855
1 2.988488 54.853854
1 2.984985 54.852853
1 2.981481 54.851852
1 2.977978 54.850851
1 2.974474 54.849850
1 2.970971 54.848849
1 2.967467 54.847848
1 2.963964 54.846847
1 2.960460 54.845846
1 2.956957 54.844845
1 2.953453 54.843844
1 2.949950 54.842843
1 2.946446 54.841842
1 2.942943 54.840841
1 2.939439 54.839840
1 2.935936 54.838839
1 2.932432 54.837838
1 2.928929 54.836837
1 2.925425 54.835836
1 2.921922 54.834835
1 2.918418 54.833834
1 2.914915 54.832833
1 2.911411 54.831832
1 2.907908 54.830831
1 2.904404 54.829830
1 2.900901 54.828829
1 2.897397 54.827828
1 2.893894 54.826827
1 2.890390 54.825826
1 2.886887 54.824825
1 2.883383 54.823824
1 2.879880 54.822823
1 2.876376 54.821822
1 2.872873 54.820821
1 2.869369 54.819820
1 2.865866 54.818819
1 2.862362 54.817818
1 2.858859 54.816817
1 2.855355 54.815816
1 2.851852 54.814815
1 2.848348 54.813814
1 2.844845 54.812813
1 2.841341 54.811812
1 2.837838 54.810811
1 2.834334 54.809810
1 2.830831 54.808809
1 2.827327 54.807808
1 2.823824 54.806807
1 2.820320 54.805806
1 2.816817 54.804805
1 2.813313 54.803804
1 2.809810 54.802803
1 2.806306 54.801802
1 2.802803 54.800801
1 2.799299 54.799800
1 2.795796 54.798799
1 2.792292 54.797798
1 2.788789 54.796797
1 2.785285 54.795796
1 2.781782 54.794795
1 2.778278 54.793794
1 2.774775 54.792793
1 2.771271 54.791792
1 2.767768 54.790791
1 2.764264 54.789790
1 2.760761 54.788789
1 2.757257 54.787788
1 2.753754 54.786787
1 2.750250 54.785786
1 2.746747 54.784785
1 2.743243 54.783784
1 2.739740 54.782783
1 2.736236 54.781782
1 2.732733 54.780781
1 2.729229 54.779780
1 2.725726 54.778779
1 2.722222 54.777778
1 2.718719 54.776777
1 2.715215 54.775776
1 2.711712 54.774775
1 2.708208 54.773774
1 2.704705 54.772773
1 2.701201 54.771772
1 2.697698 54.770771
1 2.694194 54.769770
1 2.690691 54.768769
1 2.687187 54.767768
1 2.683684 54.766767
1 2.680180 54.765766
1 2.676677 54.764765
1 2.673173 54.763764
1 2.669670 54.762763
1 2.666166 54.761762
1 2.662663 54.760761
1 2.659159 54.759760
1 2.655656 54.758759
1 2.652152 54.757758
1 2.648649 54.756757
1 2.645145 54.755756
1 2.641642 54.754755
1 2.638138 54.753754
1 2.634635 54.752753
1 2.631131 54.751752
1 2.627628 54.750751
1 2.624124 54.749750
1 2.620621 54.748749
1 2.617117 54.747748
1 2.613614 54.746747
1 2.610110 54.745746
1 2.606607 54.744745
1 2.603103 54.743744
1 2.599600 54.742743
1 2.596096 54.741742
1 2.592593 54.740741
1 2.589089 54.739740
1 2.585586 54.738739
1 2.582082 54.737738
1 2.578579 54.736737
1 2.575075 54.735736
1 2.571572 54.734735
1 2.568068 54.733734
1 2.564565 54.732733
1 2.561061 54.731732
1 2.557558 54.730731
1 2.554054 54.729730
1 2.550551 54.728729
1 2.547047 54.727728
1 2.543544 54.726727
1 2.540040 54.725726
1 2.536537 54.724725
1 2.533033 54.723724
1 2.529530 54.722723
1 2.526026 54.721722
1 2.522523 54.720721
1 2.519019 54.719720
1 2.515516 54.718719
1 2.512012 54.717718
1 2.508509 54.716717
1 2.505005 54.715716
1 2.501502 54.714715
1 2.497998 54.713714
1 2.494494 54.712713
1 2.490991 54.711712
1 2.487487 54.710711
1 2.483984 54.709710
1 2.480480 54.708709
1 2.476977 54.707708
1 2.473473 54.706707
1 2.469970 54.705706
1 2.466466 54.704705
1 2.462963 54.703704
1 2.459459 54.702703
1 2.455956 54.701702
1 2.452452 54.700701
1 2.448949 54.699700
1 2.445445 54.698699
1 2.441942 54.697698
1 2.438438 54.696697
1 2.434935 54.695696
1 2.431431 54.694695
1 2.427928 54.693694
1 2.424424 54.692693
1 2.420921 54.691692
1 2.417417 54.690691
1 2.413914 54.689690
1 2.410410 54.688689
1 2.406907 54.687688
1 2.403403 54.686687
1 2.399900 54.685686
1 2.396396 54.684685
1 2.392893 54.683684
1 2.389389 54.682683
1 2.385886 54.681682
1 2.382382 54.680681
1 2.378879 54.679680
1 2.375375 54.678679
1 2.371872 54.677678
1 2.368368 54.676677
1 2.364865 54.675676
1 2.361361 54.674675
1 2.357858 54.673674
1 2.354354 54.672673
1 2.350851 54.671672
1 2.347347 54.670671
1 2.343844 54.669670
1 2.340340 54.668669
1 2.336837 54.667668
1 2.333333 54.666667
1 2.329830 54.665666
1 2.326326 54.664665
1 2.322823 54.663664
1 2.319319 54.662663
1 2.315816 54.661662
1 2.312312 54.660661
1 2.308809 54.659660
1 2.305305 54.658659
1 2.301802 54.657658
1 2.298298 54.656657
1 2.294795 54.655656
1 2.291291 54.654655
1 2.287788 54.653654
1 2.284284 54.652653
1 2.280781 54.651652
1 2.277277 54.650651
1 2.273774 54.649650
1 2.270270 54.648649
1 2.266767 54.647648
1 2.263263 54.646647
1 2.259760 54.645646
1 2.256256 54.644645
1 2.252753 54.643644
1 2.249249 54.642643
1 2.245746 54.641642
1 2.242242 54.640641
1 2.238739 54.639640
1 2.235235 54.638639
1 2.231732 54.637638
1 2.228228 54.636637
1 2.224725 54.635636
1 2.221221 54.634635
1 2.217718 54.633634
1 2.214214 54.632633
1 2.210711 54.631632
1 2.207207 54.630631
1 2.203704 54.629630
1 2.200200 54.628629
1 2.196697 54.627628
1 2.193193 54.626627
1 2.189690 54.625626
1 2.186186 54.624625
1 2.182683 54.623624
1 2.179179 54.622623
1 2.175676 54.621622
1 2.172172 54.620621
1 2.168669 54.619620
1 2.165165 54.618619
1 2.161662 54.617618
1 2.158158 54.616617
1 2.154655 54.615616
1 2.151151 54.614615
1 2.147648 54.613614
1 2.144144 54.612613
1 2.140641 54.611612
1 2.137137 54.610611
1 2.133634 54.609610
1 2.130130 54.608609
1 2.126627 54.607608
1 2.123123 54.606607
1 2.119620 54.605606
1 2.116116 54.604605
1 2.112613 54.603604
1 2.109109 54.602603
1 2.105606 54.601602
1 2.102102 54.600601
1 2.098599 54.599600
1 2.095095 54.598599
1 2.091592 54.597598
1 2.088088 54.596597
1 2.084585 54.595596
1 2.081081 54.594595
1 2.077578 54.593594
1 2.074074 54.592593
1 2.070571 54.591592
1 2.067067 54.590591
1 2.063564 54.589590
1 2.060060 54.588589
1 2.056557 54.587588
1 2.053053 54.586587
1 2.049550 54.585586
1 2.046046 54.584585
1 2.042543 54.583584
1 2.039039 54.582583
1 2.035536 54.581582
1 2.032032 54.580581
1 2.028529 54.579580
1 2.025025 54.578579
1 2.021522 54.577578
1 2.018018 54.576577
1 2.014515 54.575576
1 2.011011 54.574575
1 2.007508 54.573574
1 2.004004 54.572573
1 2.000501 54.571572
1 1.996997 54.570571
1 1.993493 54.569570
1 1.989990 54.568569
1 1.986486 54.567568
1 1.982983 54.566567
1 1.979479 54.565566
1 1.975976 54.564565
1 1.972472 54.563564
1 1.968969 54.562563
1 1.965465 54.561562
1 1.961962 54.560561
1 1.958458 54.559560
1 1.954955 54.558559
1 1.951451 54.557558
1 1.947948 54.556557
1 1.944444 54.555556
1 1.940941 54.554555
1 1.937437 54.553554
1 1.933934 54.552553
1 1.930430 54.551552
1 1.926927 54.550551
1 1.923423 54.549550
1 1.919920 54.548549
1 1.916416 54.547548
1 1.912913 54.546547
1 1.909409 54.545546
1 1.905906 54.544545
1 1.902402 54.543544
1 1.898899 54.542543
1 1.895395 54.541542
1 1.891892 54.540541
1 1.888388 54.539540
1 1.884885 54.538539
1 1.881381 54.537538
1 1.877878 54.536537
1 1.874374 54.535536
1 1.870871 54.534535
1 1.867367 54.533534
1 1.863864 54.532533
1 1.860360 54.531532
1 1.856857 54.530531
1 1.853353 54.529530
1 1.849850 54.528529
1 1.846346 54.527528
1 1.842843 54.526527
1 1.839339 54.525526
1 1.835836 54.524525
1 1.832332 54.523524
1 1.828829 54.522523
1 1.825325 54.521522
1 1.821822 54.520521
1 1.818318 54.519520
1 1.814815 54.518519
1 1.811311 54.517518
1 1.807808 54.516517
1 1.804304 54.515516
1 1.800801 54.514515
1 1.797297 54.513514
1 1.793794 54.512513
1 1.790290 54.511512
1 1.786787 54.510511
1 1.783283 54.509510
1 1.779780 54.508509
1 1.776276 54.507508
1 1.772773 54.506507
1 1.769269 54.505506
1 1.765766 54.504505
1 1.762262 54.503504
1 1.758759 54.502503
1 1.755255 54.501502
1 1.751752 54.500501
1 1.748248 54.499499
1 1.744745 54.498498
1 1.741241 54.497497
1 1.737738 54.496496
1 1.734234 54.495495
1 1.730731 54.494494
1 1.727227 54.493493
1 1.723724 54.492492
1 1.720220 54.491491
1 1.716717 54.490490
1 1.713213 54.489489
1 1.709710 54.488488
1 1.706206 54.487487
1 1.702703 54.486486
1 1.699199 54.485485
1 1.695696 54.484484
1 1.692192 54.483483
1 1.688689 54.482482
1 1.685185 54.481481
1 1.681682 54.480480
1 1.678178 54.479479
1 1.674675 54.478478
1 1.671171 54.477477
1 1.667668 54.476476
1 1.664164 54.475475
1 1.660661 54.474474
1 1.657157 54.473473
1 1.653654 54.472472
1 1.650150 54.471471
1 1.646647 54.470470
1 1.643143 54.469469
1 1.639640 54.468468
1 1.636136 54.467467
1 1.632633 54.466466
1 1.629129 54.465465
1 1.625626 54.464464
1 1.622122 54.463463
1 1.618619 54.462462
1 1.615115 54.461461
1 1.611612 54.460460
1 1.608108 54.459459
1 1.604605 54.458458
1 1.601101 54.457457
1 1.597598 54.456456
1 1.594094 54.455455
1 1.590591 54.454454
1 1.587087 54.453453
1 1.583584 54.452452
1 1.580080 54.451451
1 1.576577 54.450450
1 1.573073 54.449449
1 1.569570 54.448448
1 1.566066 54.447447
1 1.562563 54.446446
1 1.559059 54.445445
1 1.555556 54.444444
1 1.552052 54.443443
1 1.548549 54.442442
1 1.545045 54.441441
1 1.541542 54.440440
1 1.538038 54.439439
1 1.534535 54.438438
1 1.531031 54.437437
1 1.527528 54.436436
1 1.524024 54.435435
1 1.520521 54.434434
1 1.517017 54.433433
1 1.513514 54.432432
1 1.510010 54.431431
1 1.506507 54.430430
1 1.503003 54.429429
1 1.499499 54.428428
1 1.495996 54.427427
1 1.492492 54.426426
1 1.488989 54.425425
1 1.485485 54.424424
1 1.481982 54.423423
1 1.478478 54.422422
1 1.474975 54.421421
1 1.471471 54.420420
1 1.467968 54.419419
1 1.464464 54.418418
1 1.460961 54.417417
1 1.457457 54.416416
1 1.453954 54.415415
1 1.450450 54.414414
1 1.446947 54.413413
1 1.443443 54.412412
1 1.439940 54.411411
1 1.436436 54.410410
1 1.432933 54.409409
1 1.429429 54.408408
1 1.425926 54.407407
1 1.422422 54.406406
1 1.418919 54.405405
1 1.415415 54.404404
1 1.411912 54.403403
1 1.408408 54.402402
1 1.404905 54.401401
1 1.401401 54.400400
1 1.397898 54.399399
1 1.394394 54.398398
1 1.390891 54.397397
1 1.387387 54.396396
1 1.383884 54.395395
1 1.380380 54.394394
1 1.376877 54.393393
1 1.373373 54.392392
1 1.369870 54.391391
1 1.366366 54.390390
1 1.362863 54.389389
1 1.359359 54.388388
1 1.355856 54.387387
1 1.352352 54.386386
1 1.348849 54.385385
1 1.345345 54.384384
1 1.341842 54.383383
1 1.338338 54.382382
1 1.334835 54.381381
1 1.331331 54.380380
1 1.327828 54.379379
1 1.324324 54.378378
1 1.320821 54.377377
1 1.317317 54.376376
1 1.313814 54.375375
1 1.310310 54.374374
1 1.306807 54.373373
1 1.303303 54.372372
1 1.299800 54.371371
1 1.296296 54.370370
1 1.292793 54.369369
1 1.289289 54.368368
1 1.285786 54.367367
1 1.282282 54.366366
1 1.278779 54.365365
1 1.275275 54.364364
1 1.271772 54.363363
1 1.268268 54.362362
1 1.264765 54.361361
1 1.261261 54.360360
1 1.257758 54.359359
1 1.254254 54.358358
1 1.250751 54.357357
1 1.247247 54.356356
1 1.243744 54.355355
1 1.240240 54.354354
1 1.236737 54.353353
1 1.233233 54.352352
1 1.229730 54.351351
1 1.226226 54.350350
1 1.222723 54.349349
1 1.219219 54.348348
1 1.215716 54.347347
1 1.212212 54.346346
1 1.208709 54.345345
1 1.205205 54.344344
1 1.201702 54.343343
1 1.198198 54.342342
1 1.194695 54.341341
1 1.191191 54.340340
1 1.187688 54.339339
1 1.184184 54.338338
1 1.180681 54.337337
1 1.177177 54.336336
1 1.173674 54.335335
1 1.170170 54.334334
1 1.166667 54.333333
1 1.163163 54.332332
1 1.159660 54.331331
1 1.156156 54.330330
1 1.152653 54.329329
1 1.149149 54.328328
1 1.145646 54.327327
1 1.142142 54.326326
1 1.138639 54.325325
1 1.135135 54.324324
1 1.131632 54.323323
1 1.128128 54.322322
1 1.124625 54.321321
1 1.121121 54.320320
1 1.117618 54.319319
1 1.114114 54.318318
1 1.110611 54.317317
1 1.107107 54.316316
1 1.103604 54.315315
1 1.100100 54.314314
1 1.096597 54.313313
1 1.093093 54.312312
1 1.089590 54.311311
1 1.086086 54.310310
1 1.082583 54.309309
1 1.079079 54.308308
1 1.075576 54.307307
1 1.072072 54.306306
1 1.068569 54.305305
1 1.065065 54.304304
1 1.061562 54.303303
1 1.058058 54.302302
1 1.054555 54.301301
1 1.051051 54.300300
1 1.047548 54.299299
1 1.044044 54.298298
1 1.040541 54.297297
1 1.037037 54.296296
1 1.033534 54.295295
1 1.030030 54.294294
1 1.026527 54.293293
1 1.023023 54.292292
1 1.019520 54.291291
1 1.016016 54.290290
1 1.012513 54.289289
1 1.009009 54.288288
1 1.005506 54.287287
1 1.002002 54.286286
1 0.998498 54.285285
1 0.994995 54.284284
1 0.991491 54.283283
1 0.987988 54.282282
1 0.984484 54.281281
1 0.980981 54.280280
1 0.977477 54.279279
1 0.973974 54.278278
1 0.970470 54.277277
1 0.966967 54.276276
1 0.963463 54.275275
1 0.959960 54.274274
1 0.956456 54.273273
1 0.952953 54.272272
1 0.949449 54.271271
1 0.945946 54.270270
1 0.942442 54.269269
1 0.938939 54.268268
1 0.935435 54.267267
1 0.931932 54.266266
1 0.928428 54.265265
1 0.924925 54.264264
1 0.921421 54.263263
1 0.917918 54.262262
1 0.914414 54.261261
1 0.910911 54.260260
1 0.907407 54.259259
1 0.903904 54.258258
1 0.900400 54.257257
1 0.896897 54.256256
1 0.893393 54.255255
1 0.889890 54.254254
1 0.886386 54.253253
1 0.882883 54.252252
1 0.879379 54.251251
1 0.875876 54.250250
1 0.872372 54.249249
1 0.868869 54.248248
1 0.865365 54.247247
1 0.861862 54.246246
1 0.858358 54.245245
1 0.854855 54.244244
1 0.851351 54.243243
1 0.847848 54.242242
1 0.844344 54.241241
1 0.840841 54.240240
1 0.837337 54.239239
1 0.833834 54.238238
1 0.830330 54.237237
1 0.826827 54.236236
1 0.823323 54.235235
1 0.819820 54.234234
1 0.816316 54.233233
1 0.812813 54.232232
1 0.809309 54.231231
1 0.805806 54.230230
1 0.802302 54.229229
1 0.798799 54.228228
1 0.795295 54.227227
1 0.791792 54.226226
1 0.788288 54.225225
1 0.784785 54.224224
1 0.781281 54.223223
1 0.777778 54.222222
1 0.774274 54.221221
1 0.770771 54.220220
1 0.767267 54.219219
1 0.763764 54.218218
1 0.760260 54.217217
1 0.756757 54.216216
1 0.753253 54.215215
1 0.749750 54.214214
1 0.746246 54.213213
1 0.742743 54.212212
1 0.739239 54.211211
1 0.735736 54.210210
1 0.732232 54.209209
1 0.728729 54.208208
1 0.725225 54.207207
1 0.721722 54.206206
1 0.718218 54.205205
1 0.714715 54.204204
1 0.711211 54.203203
1 0.707708 54.202202
1 0.704204 54.201201
1 0.700701 54.200200
1 0.697197 54.199199
1 0.693694 54.198198
1 0.690190 54.197197
1 0.686687 54.196196
1 0.683183 54.195195
1 0.679680 54.194194
1 0.676176 54.193193
1 0.672673 54.192192
1 0.669169 54.191191
1 0.665666 54.190190
1 0.662162 54.189189
1 0.658659 54.188188
1 0.655155 54.187187
1 0.651652 54.186186
1 0.648148 54.185185
1 0.644645 54.184184
1 0.641141 54.183183
1 0.637638 54.182182
1 0.634134 54.181181
1 0.630631 54.180180
1 0.627127 54.179179
1 0.623624 54.178178
1 0.620120 54.177177
1 0.616617 54.176176
1 0.613113 54.175175
1 0.609610 54.174174
1 0.606106 54.173173
1 0.602603 54.172172
1 0.599099 54.171171
1 0.595596 54.170170
1 0.592092 54.169169
1 0.588589 54.168168
1 0.585085 54.167167
1 0.581582 54.166166
1 0.578078 54.165165
1 0.574575 54.164164
1 0.571071 54.163163
1 0.567568 54.162162
1 0.564064 54.161161
1 0.560561 54.160160
1 0.557057 54.159159
1 0.553554 54.158158
1 0.550050 54.157157
1 0.546547 54.156156
1 0.543043 54.155155
1 0.539540 54.154154
1 0.536036 54.153153
1 0.532533 54.152152
1 0.529029 54.151151
1 0.525526 54.150150
1 0.522022 54.149149
1 0.518519 54.148148
1 0.515015 54.147147
1 0.511512 54.146146
1 0.508008 54.145145
1 0.504505 54.144144
1 0.501001 54.143143
1 0.497497 54.142142
1 0.493994 54.141141
1 0.490490 54.140140
1 0.486987 54.139139
1 0.483483 54.138138
1 0.479980 54.137137
1 0.476476 54.136136
1 0.472973 54.135135
1 0.469469 54.134134
1 0.465966 54.133133
1 0.462462 54.132132
1 0.458959 54.131131
1 0.455455 54.130130
1 0.451952 54.129129
1 0.448448 54.128128
1 0.444945 54.127127
1 0.441441 54.126126
1 0.437938 54.125125
1 0.434434 54.124124
1 0.430931 54.123123
1 0.427427 54.122122
1 0.423924 54.121121
1 0.420420 54.120120
1 0.416917 54.119119
1 0.413413 54.118118
1 0.409910 54.117117
1 0.406406 54.116116
1 0.402903 54.115115
1 0.399399 54.114114
1 0.395896 54.113113
1 0.392392 54.112112
1 0.388889 54.111111
1 0.385385 54.110110
1 0.381882 54.109109
1 0.378378 54.108108
1 0.374875 54.107107
1 0.371371 54.106106
1 0.367868 54.105105
1 0.364364 54.104104
1 0.360861 54.103103
1 0.357357 54.102102
1 0.353854 54.101101
1 0.350350 54.100100
1 0.346847 54.099099
1 0.343343 54.098098
1 0.339840 54.097097
1 0.336336 54.096096
1 0.332833 54.095095
1 0.329329 54.094094
1 0.325826 54.093093
1 0.322322 54.092092
1 0.318819 54.091091
1 0.315315 54.090090
1 0.311812 54.089089
1 0.308308 54.088088
1 0.304805 54.087087
1 0.301301 54.086086
1 0.297798 54.085085
1 0.294294 54.084084
1 0.290791 54.083083
1 0.287287 54.082082
1 0.283784 54.081081
1 0.280280 54.080080
1 0.276777 54.079079
1 0.273273 54.078078
1 0.269770 54.077077
1 0.266266 54.076076
1 0.262763 54.075075
1 0.259259 54.074074
1 0.255756 54.073073
1 0.252252 54.072072
1 0.248749 54.071071
1 0.245245 54.070070
1 0.241742 54.069069
1 0.238238 54.068068
1 0.234735 54.067067
1 0.231231 54.066066
1 0.227728 54.065065
1 0.224224 54.064064
1 0.220721 54.063063
1 0.217217 54.062062
1 0.213714 54.061061
1 0.210210 54.060060
1 0.206707 54.059059
1 0.203203 54.058058
1 0.199700 54.057057
1 0.196196 54.056056
1 0.192693 54.055055
1 0.189189 54.054054
1 0.185686 54.053053
1 0.182182 54.052052
1 0.178679 54.051051
1 0.175175 54.050050
1 0.171672 54.049049
1 0.168168 54.048048
1 0.164665 54.047047
1 0.161161 54.046046
1 0.157658 54.045045
1 0.154154 54.044044
1 0.150651 54.043043
1 0.147147 54.042042
1 0.143644 54.041041
1 0.140140 54.040040
1 0.136637 54.039039
1 0.133133 54.038038
1 0.129630 54.037037
1 0.126126 54.036036
1 0.122623 54.035035
1 0.119119 54.034034
1 0.115616 54.033033
1 0.112112 54.032032
1 0.108609 54.031031
1 0.105105 54.030030
1 0.101602 54.029029
1 0.098098 54.028028
1 0.094595 54.027027
1 0.091091 54.026026
1 0.087588 54.025025
1 0.084084 54.024024
1 0.080581 54.023023
1 0.077077 54.022022
1 0.073574 54.021021
1 0.070070 54.020020
1 0.066567 54.019019
1 0.063063 54.018018
1 0.059560 54.017017
1 0.056056 54.016016
1 0.052553 54.015015
1 0.049049 54.014014
1 0.045546 54.013013
1 0.042042 54.012012
1 0.038539 54.011011
1 0.035035 54.010010
1 0.031532 54.009009
1 0.028028 54.008008
1 0.024525 54.007007
1 0.021021 54.006006
1 0.017518 54.005005
1 0.014014 54.004004
1 0.010511 54.003003
1 0.007007 54.002002
1 0.003504 54.001001
1 0.000000 54.000000